    500.00    27.954
    500.83    27.897
    501.67    27.843
    502.51    27.792
    503.35    27.743
    504.19    27.696
    505.03    27.652
    505.87    27.608
    506.72    27.567
    507.56    27.527
    508.41    27.489
    509.26    27.451
    510.11    27.415
    510.96    27.381
    511.81    27.347
    512.67    27.314
    513.52    27.282
    514.38    27.251
    515.24    27.221
    516.10    27.191
    516.96    27.163
    517.82    27.135
    518.69    27.108
    519.55    27.081
    520.42    27.055
    521.29    27.029
    522.16    27.005
    523.03    26.980
    523.90    26.956
    524.78    26.933
    525.65    26.910
    526.53    26.887
    527.41    26.865
    528.29    26.844
    529.17    26.822
    530.06    26.801
    530.94    26.781
    531.83    26.761
    532.71    26.741
    533.60    26.721
    534.49    26.702
    535.39    26.683
    536.28    26.665
    537.18    26.646
    538.07    26.628
    538.97    26.611
    539.87    26.593
    540.77    26.576
    541.67    26.559
    542.58    26.542
    543.48    26.526
    544.39    26.509
    545.30    26.493
    546.21    26.462
    547.12    26.417
    548.03    26.375
    548.95    26.333
    549.87    26.294
    550.78    26.255
    551.70    26.218
    552.62    26.183
    553.55    26.148
    554.47    26.114
    555.40    26.082
    556.32    26.050
    557.25    26.019
    558.18    25.989
    559.11    25.960
    560.05    25.931
    560.98    25.903
    561.92    25.876
    562.86    25.850
    563.80    25.824
    564.74    25.799
    565.68    25.774
    566.62    25.749
    567.57    25.726
    568.52    25.702
    569.47    25.680
    570.42    25.657
    571.37    25.635
    572.32    25.614
    573.28    25.592
    574.23    25.572
    575.19    25.551
    576.15    25.531
    577.11    25.511
    578.08    25.492
    579.04    25.473
    580.01    25.454
    580.98    25.435
    581.95    25.417
    582.92    25.399
    583.89    25.381
    584.87    25.364
    585.84    25.347
    586.82    25.330
    587.80    25.313
    588.78    25.297
    589.76    25.280
    590.75    25.264
    591.73    25.243
    592.72    25.205
    593.71    25.169
    594.70    25.134
    595.70    25.100
    596.69    25.067
    597.69    25.034
    598.68    25.003
    599.68    24.973
    600.68    24.943
    601.69    24.914
    602.69    24.886
    603.70    24.859
    604.70    24.832
    605.71    24.806
    606.72    24.780
    607.74    24.755
    608.75    24.731
    609.77    24.707
    610.79    24.683
    611.81    24.660
    612.83    24.637
    613.85    24.615
    614.87    24.594
    615.90    24.572
    616.93    24.551
    617.96    24.531
    618.99    24.510
    620.02    24.491
    621.06    24.471
    622.09    24.452
    623.13    24.433
    624.17    24.414
    625.22    24.396
    626.26    24.378
    627.30    24.360
    628.35    24.342
    629.40    24.325
    630.45    24.308
    631.50    24.291
    632.56    24.275
    633.61    24.258
    634.67    24.242
    635.73    24.226
    636.79    24.210
    637.85    24.185
    638.92    24.153
    639.99    24.122
    641.05    24.092
    642.12    24.062
    643.20    24.034
    644.27    24.006
    645.34    23.978
    646.42    23.952
    647.50    23.925
    648.58    23.900
    649.66    23.875
    650.75    23.851
    651.84    23.827
    652.92    23.803
    654.01    23.780
    655.10    23.758
    656.20    23.736
    657.29    23.714
    658.39    23.693
    659.49    23.672
    660.59    23.652
    661.69    23.631
    662.80    23.612
    663.90    23.592
    665.01    23.573
    666.12    23.554
    667.23    23.536
    668.35    23.517
    669.46    23.499
    670.58    23.482
    671.70    23.464
    672.82    23.447
    673.94    23.430
    675.07    23.413
    676.20    23.397
    677.33    23.380
    678.46    23.364
    679.59    23.348
    680.72    23.333
    681.86    23.317
    683.00    23.302
    684.14    23.274
    685.28    23.246
    686.42    23.219
    687.57    23.192
    688.72    23.166
    689.87    23.141
    691.02    23.116
    692.17    23.092
    693.33    23.068
    694.48    23.045
    695.64    23.022
    696.80    23.000
    697.97    22.978
    699.13    22.956
    700.30    22.935
    701.47    22.915
    702.64    22.894
    703.81    22.874
    704.99    22.854
    706.16    22.835
    707.34    22.816
    708.52    22.797
    709.71    22.779
    710.89    22.761
    712.08    22.743
    713.27    22.725
    714.46    22.708
    715.65    22.690
    716.84    22.674
    718.04    22.657
    719.24    22.641
    720.44    22.624
    721.64    22.608
    722.85    22.593
    724.05    22.577
    725.26    22.562
    726.47    22.546
    727.68    22.531
    728.90    22.515
    730.12    22.490
    731.33    22.465
    732.56    22.441
    733.78    22.417
    735.00    22.394
    736.23    22.371
    737.46    22.349
    738.69    22.327
    739.92    22.306
    741.16    22.284
    742.40    22.264
    743.63    22.243
    744.88    22.223
    746.12    22.204
    747.36    22.184
    748.61    22.165
    749.86    22.147
    751.11    22.128
    752.37    22.110
    753.62    22.092
    754.88    22.074
    756.14    22.057
    757.40    22.040
    758.67    22.023
    759.93    22.006
    761.20    21.990
    762.47    21.974
    763.75    21.958
    765.02    21.942
    766.30    21.927
    767.58    21.911
    768.86    21.896
    770.14    21.881
    771.43    21.866
    772.71    21.852
    774.00    21.837
    775.30    21.817
    776.59    21.795
    777.89    21.773
    779.18    21.751
    780.49    21.730
    781.79    21.709
    783.09    21.688
    784.40    21.668
    785.71    21.648
    787.02    21.629
    788.34    21.609
    789.65    21.591
    790.97    21.572
    792.29    21.554
    793.61    21.536
    794.94    21.518
    796.26    21.500
    797.59    21.483
    798.92    21.466
    800.26    21.449
    801.59    21.433
    802.93    21.417
    804.27    21.400
    805.61    21.385
    806.96    21.369
    808.31    21.353
    809.66    21.338
    811.01    21.323
    812.36    21.308
    813.72    21.294
    815.07    21.279
    816.44    21.265
    817.80    21.250
    819.16    21.236
    820.53    21.221
    821.90    21.200
    823.27    21.180
    824.65    21.160
    826.02    21.140
    827.40    21.121
    828.78    21.102
    830.17    21.083
    831.55    21.065
    832.94    21.047
    834.33    21.029
    835.72    21.011
    837.12    20.994
    838.52    20.977
    839.91    20.960
    841.32    20.943
    842.72    20.927
    844.13    20.911
    845.54    20.895
    846.95    20.879
    848.36    20.864
    849.78    20.848
    851.20    20.833
    852.62    20.818
    854.04    20.803
    855.47    20.789
    856.89    20.774
    858.32    20.760
    859.76    20.746
    861.19    20.732
    862.63    20.718
    864.07    20.705
    865.51    20.691
    866.96    20.679
    868.40    20.668
    869.85    20.657
    871.31    20.647
    872.76    20.636
    874.22    20.625
    875.68    20.615
    877.14    20.604
    878.60    20.594
    880.07    20.584
    881.54    20.574
    883.01    20.564
    884.48    20.554
    885.96    20.544
    887.44    20.534
    888.92    20.524
    890.40    20.514
    891.89    20.505
    893.38    20.495
    894.87    20.486
    896.36    20.476
    897.86    20.467
    899.36    20.458
    900.86    20.448
    902.36    20.439
    903.87    20.430
    905.38    20.421
    906.89    20.412
    908.40    20.403
    909.92    20.394
    911.44    20.386
    912.96    20.377
    914.48    20.369
    916.01    20.341
    917.54    20.256
    919.07    20.086
    920.60    19.960
    922.14    19.599
    923.68    19.794
    925.22    19.435
    926.77    19.691
    928.31    19.122
    929.86    19.388
    931.42    19.554
    932.97    18.996
    934.53    18.876
    936.09    19.054
    937.65    19.894
    939.21    19.093
    940.78    18.759
    942.35    18.534
    943.93    18.452
    945.50    18.553
    947.08    18.776
    948.66    19.149
    950.24    19.437
    951.83    18.847
    953.42    18.529
    955.01    18.219
    956.60    17.916
    958.20    17.659
    959.80    17.479
    961.40    17.423
    963.01    17.493
    964.62    17.672
    966.23    17.928
    967.84    18.213
    969.45    18.496
    971.07    18.818
    972.69    19.401
    974.32    18.778
    975.94    18.367
    977.57    18.039
    979.20    17.698
    980.84    17.360
    982.48    17.005
    984.12    16.698
    985.76    16.381
    987.40    16.122
    989.05    15.881
    990.70    15.687
    992.36    15.529
    994.01    15.412
    995.67    15.327
    997.33    15.288
    999.00    15.268
   1000.67    15.306
   1002.34    15.359
   1004.01    15.462
   1005.69    15.590
   1007.36    15.762
   1009.05    15.959
   1010.73    16.194
   1012.42    16.445
   1014.11    16.744
   1015.80    17.013
   1017.50    17.317
   1019.19    17.607
   1020.90    17.873
   1022.60    18.138
   1024.31    18.496
   1026.02    18.737
   1027.73    18.095
   1029.44    17.699
   1031.16    17.411
   1032.88    17.183
   1034.61    16.995
   1036.33    16.825
   1038.06    16.330
   1039.80    15.993
   1041.53    15.736
   1043.27    15.529
   1045.01    15.354
   1046.76    15.204
   1048.51    14.991
   1050.26    14.814
   1052.01    14.664
   1053.76    14.533
   1055.52    14.417
   1057.29    14.313
   1059.05    14.223
   1060.82    14.142
   1062.59    14.067
   1064.36    13.997
   1066.14    13.933
   1067.92    13.872
   1069.70    13.831
   1071.49    13.793
   1073.28    13.756
   1075.07    13.720
   1076.86    13.685
   1078.66    13.653
   1080.46    13.637
   1082.26    13.621
   1084.07    13.605
   1085.88    13.590
   1087.69    13.574
   1089.51    13.560
   1091.32    13.545
   1093.15    13.531
   1094.97    13.517
   1096.80    13.504
   1098.63    13.490
   1100.46    13.481
   1102.30    13.476
   1104.14    13.472
   1105.98    13.467
   1107.83    13.462
   1109.68    13.458
   1111.53    13.456
   1113.39    13.455
   1115.24    13.454
   1117.11    13.453
   1118.97    13.452
   1120.84    13.451
   1122.71    13.453
   1124.58    13.456
   1126.46    13.458
   1128.34    13.460
   1130.22    13.463
   1132.11    13.466
   1134.00    13.472
   1135.90    13.478
   1137.79    13.484
   1139.69    13.490
   1141.59    13.496
   1143.50    13.506
   1145.41    13.517
   1147.32    13.528
   1149.23    13.539
   1151.15    13.550
   1153.07    13.564
   1155.00    13.583
   1156.93    13.602
   1158.86    13.622
   1160.40    13.688
   1161.60    13.604
   1162.80    13.645
   1164.00    13.662
   1165.20    13.776
   1166.40    13.841
   1167.60    13.834
   1168.80    13.784
   1169.80    13.871
   1171.00    14.043
   1172.20    13.976
   1173.40    13.989
   1174.60    14.001
   1175.80    14.049
   1177.00    14.098
   1178.20    14.192
   1179.40    14.273
   1180.60    14.306
   1181.60    14.366
   1182.80    14.512
   1184.00    14.546
   1185.20    14.436
   1186.40    14.614
   1187.60    14.723
   1188.80    14.780
   1190.00    14.820
   1191.20    14.972
   1192.40    15.158
   1193.40    15.207
   1194.60    15.235
   1195.80    15.261
   1197.00    15.287
   1198.20    15.417
   1199.40    15.597
   1200.16    15.475
   1202.17    15.718
   1204.17    16.031
   1206.18    16.294
   1208.20    16.463
   1210.21    16.665
   1212.23    16.914
   1214.26    17.242
   1216.29    17.440
   1218.31    17.116
   1220.35    16.912
   1222.39    16.736
   1224.43    16.539
   1225.40    16.408
   1226.60    16.619
   1227.80    16.404
   1228.80    16.249
   1230.00    16.238
   1231.20    16.365
   1232.40    15.949
   1233.60    15.747
   1234.80    15.640
   1236.00    15.418
   1237.20    15.245
   1238.40    15.089
   1239.60    14.938
   1240.60    14.752
   1241.80    14.622
   1243.00    14.582
   1244.20    14.532
   1245.40    14.440
   1246.60    14.356
   1247.80    14.315
   1249.00    14.281
   1250.20    14.147
   1251.40    14.143
   1252.40    14.086
   1253.60    14.072
   1254.80    13.995
   1256.00    13.960
   1257.20    13.957
   1258.40    13.903
   1259.60    13.850
   1260.80    13.776
   1262.00    13.777
   1263.20    13.725
   1264.20    13.749
   1265.40    13.754
   1266.60    13.675
   1267.80    13.678
   1269.00    13.640
   1270.20    13.580
   1271.40    13.538
   1272.60    13.546
   1273.80    13.534
   1275.00    13.623
   1276.00    13.562
   1277.20    13.546
   1278.40    13.537
   1279.60    13.487
   1280.80    13.493
   1282.00    13.461
   1283.20    13.526
   1284.40    13.496
   1285.60    13.474
   1286.80    13.516
   1287.80    13.472
   1289.00    13.449
   1290.20    13.479
   1291.40    13.486
   1292.60    13.450
   1293.80    13.463
   1295.00    13.401
   1296.20    13.401
   1297.40    13.366
   1298.60    13.458
   1299.60    13.494
   1300.80    13.513
   1302.00    13.458
   1303.20    13.441
   1304.40    13.484
   1305.60    13.418
   1306.80    13.457
   1308.00    13.445
   1309.20    13.386
   1310.40    13.366
   1311.40    13.463
   1312.60    13.399
   1313.80    13.400
   1315.00    13.357
   1316.20    13.382
   1317.40    13.442
   1318.60    13.386
   1319.80    13.399
   1321.00    13.415
   1322.00    13.367
   1323.20    13.368
   1324.40    13.406
   1325.60    13.392
   1326.80    13.476
   1328.00    13.420
   1329.20    13.398
   1330.40    13.444
   1331.60    13.397
   1332.80    13.450
   1333.80    13.439
   1335.00    13.453
   1336.20    13.453
   1337.40    13.413
   1338.60    13.412
   1339.80    13.476
   1341.00    13.426
   1342.20    13.360
   1343.40    13.393
   1344.60    13.420
   1345.60    13.384
   1346.80    13.359
   1348.00    13.403
   1349.20    13.448
   1350.40    13.459
   1351.60    13.436
   1352.80    13.458
   1354.00    13.428
   1355.20    13.477
   1356.40    13.491
   1357.40    13.488
   1358.60    13.453
   1359.80    13.443
   1361.00    13.408
   1362.20    13.443
   1363.40    13.466
   1364.60    13.376
   1365.80    13.379
   1367.00    13.481
   1368.20    13.451
   1369.20    13.487
   1370.40    13.523
   1371.60    13.475
   1372.80    13.437
   1374.00    13.488
   1375.20    13.471
   1376.40    13.463
   1377.60    13.462
   1378.80    13.545
   1380.00    13.472
   1381.00    13.441
   1382.20    13.555
   1383.40    13.534
   1384.60    13.487
   1385.80    13.534
   1387.00    13.485
   1388.20    13.476
   1389.40    13.530
   1390.60    13.587
   1391.80    13.514
   1392.80    13.540
   1394.00    13.548
   1395.20    13.537
   1396.40    13.583
   1397.60    13.575
   1398.80    13.504
   1400.00    13.514
   1401.20    13.551
   1402.40    13.588
   1403.60    13.537
   1404.60    13.492
   1405.80    13.512
   1407.00    13.517
   1408.20    13.520
   1409.40    13.471
   1410.60    13.528
   1411.80    13.458
   1413.00    13.515
   1414.20    13.538
   1415.40    13.437
   1416.40    13.535
   1417.60    13.514
   1418.80    13.511
   1420.00    13.542
   1421.20    13.486
   1422.40    13.487
   1423.60    13.549
   1424.80    13.470
   1426.00    13.447
   1427.20    13.488
   1428.20    13.501
   1429.40    13.426
   1430.60    13.544
   1431.80    13.468
   1433.00    13.416
   1434.20    13.518
   1435.40    13.464
   1436.60    13.537
   1437.80    13.512
   1439.00    13.427
   1440.00    13.507
   1441.20    13.547
   1442.40    13.487
   1443.60    13.558
   1444.80    13.563
   1446.00    13.481
   1447.20    13.464
   1448.40    13.495
   1449.60    13.524
   1450.80    13.502
   1451.80    13.520
   1453.00    13.552
   1454.20    13.536
   1455.40    13.479
   1456.60    13.405
   1457.80    13.432
   1459.00    13.519
   1460.20    13.513
   1461.40    13.460
   1462.60    13.445
   1463.60    13.444
   1464.80    13.383
   1466.00    13.450
   1467.20    13.469
   1468.40    13.431
   1469.60    13.475
   1470.80    13.452
   1472.00    13.420
   1473.20    13.460
   1474.40    13.500
   1475.40    13.473
   1476.60    13.401
   1477.80    13.430
   1479.00    13.422
   1480.20    13.349
   1481.40    13.375
   1482.60    13.425
   1483.80    13.378
   1485.00    13.377
   1486.00    13.374
   1487.20    13.383
   1488.40    13.408
   1489.60    13.407
   1490.80    13.367
   1492.00    13.365
   1493.20    13.456
   1494.40    13.380
   1495.60    13.360
   1496.80    13.392
   1497.80    13.411
   1499.00    13.404
   1500.20    13.405
   1501.40    13.456
   1502.60    13.477
   1503.80    13.525
   1505.00    13.487
   1506.20    13.471
   1507.40    13.488
   1508.60    13.485
   1509.60    13.487
   1510.80    13.537
   1512.00    13.546
   1513.20    13.477
   1514.40    13.479
   1515.60    13.505
   1516.80    13.471
   1518.00    13.470
   1519.20    13.451
   1520.40    13.472
   1521.40    13.461
   1522.60    13.448
   1523.80    13.436
   1525.00    13.447
   1526.20    13.486
   1527.40    13.491
   1528.60    13.482
   1529.80    13.490
   1531.00    13.556
   1532.20    13.573
   1533.20    13.573
   1534.40    13.523
   1535.60    13.529
   1536.80    13.467
   1538.00    13.459
   1539.20    13.478
   1540.40    13.496
   1541.60    13.527
   1542.80    13.502
   1544.00    13.490
   1545.00    13.539
   1546.20    13.441
   1547.40    13.440
   1548.60    13.524
   1549.80    13.581
   1551.00    13.474
   1552.20    13.472
   1553.40    13.489
   1554.60    13.549
   1555.80    13.591
   1556.80    13.548
   1558.00    13.514
   1559.20    13.578
   1560.40    13.569
   1561.60    13.512
   1562.80    13.512
   1564.00    13.525
   1565.20    13.522
   1566.40    13.456
   1567.60    13.505
   1568.60    13.558
   1569.80    13.492
   1571.00    13.518
   1572.20    13.555
   1573.40    13.472
   1574.60    13.531
   1575.80    13.523
   1577.00    13.479
   1578.20    13.540
   1579.40    13.589
   1580.40    13.546
   1581.60    13.531
   1582.80    13.563
   1584.00    13.543
   1585.20    13.562
   1586.40    13.543
   1587.60    13.549
   1588.80    13.566
   1590.00    13.544
   1591.20    13.581
   1592.20    13.567
   1593.40    13.550
   1594.60    13.571
   1595.80    13.561
   1597.00    13.571
   1598.20    13.533
   1599.40    13.517
   1600.60    13.559
   1601.80    13.572
   1603.00    13.536
   1604.00    13.507
   1605.20    13.567
   1606.40    13.576
   1607.60    13.577
   1608.80    13.625
   1610.00    13.633
   1611.20    13.590
   1612.40    13.570
   1613.60    13.549
   1614.80    13.574
   1615.80    13.634
   1617.00    13.601
   1618.20    13.648
   1619.40    13.586
   1620.60    13.611
   1621.80    13.724
   1623.00    13.686
   1624.20    13.622
   1625.40    13.653
   1626.60    13.677
   1627.60    13.616
   1628.80    13.633
   1630.00    13.632
   1631.20    13.628
   1632.40    13.615
   1633.60    13.610
   1634.80    13.676
   1636.00    13.669
   1637.20    13.647
   1638.40    13.614
   1639.40    13.676
   1640.60    13.682
   1641.80    13.684
   1643.00    13.661
   1644.20    13.666
   1645.40    13.631
   1646.60    13.594
   1647.80    13.664
   1649.00    13.586
   1650.00    13.622
   1651.20    13.624
   1652.40    13.609
   1653.60    13.649
   1654.80    13.608
   1656.00    13.601
   1657.20    13.566
   1658.40    13.546
   1659.60    13.567
   1660.80    13.597
   1661.80    13.589
   1663.00    13.601
   1664.20    13.572
   1665.40    13.580
   1666.60    13.613
   1667.80    13.628
   1669.00    13.632
   1670.20    13.663
   1671.40    13.645
   1672.60    13.638
   1673.60    13.698
   1674.80    13.692
   1676.00    13.654
   1677.20    13.674
   1678.40    13.652
   1679.60    13.650
   1680.80    13.634
   1682.00    13.668
   1683.20    13.677
   1684.40    13.675
   1685.40    13.703
   1686.60    13.733
   1687.80    13.662
   1689.00    13.622
   1690.20    13.669
   1691.40    13.707
   1692.60    13.621
   1693.80    13.673
   1695.00    13.673
   1696.20    13.612
   1697.20    13.612
   1698.40    13.648
   1699.60    13.614
   1700.80    13.605
   1702.00    13.621
   1703.20    13.648
   1704.40    13.650
   1705.60    13.656
   1706.80    13.664
   1708.00    13.693
   1709.00    13.688
   1710.20    13.653
   1711.40    13.631
   1712.60    13.663
   1713.80    13.720
   1715.00    13.702
   1716.20    13.661
   1717.40    13.655
   1718.60    13.582
   1719.80    13.608
   1720.80    13.647
   1722.00    13.662
   1723.20    13.695
   1724.40    13.711
   1725.60    13.687
   1726.80    13.657
   1728.00    13.615
   1729.20    13.631
   1730.40    13.636
   1731.60    13.646
   1732.60    13.653
   1733.80    13.628
   1735.00    13.617
   1736.20    13.597
   1737.40    13.627
   1738.60    13.661
   1739.80    13.636
   1741.00    13.613
   1742.20    13.634
   1743.40    13.643
   1744.40    13.637
   1745.60    13.670
   1746.80    13.652
   1748.00    13.662
   1749.20    13.675
   1750.40    13.645
   1751.60    13.634
   1752.80    13.608
   1754.00    13.607
   1755.20    13.623
   1756.20    13.627
   1757.40    13.617
   1758.60    13.578
   1759.80    13.620
   1761.00    13.650
   1762.20    13.675
   1763.40    13.612
   1764.60    13.598
   1765.80    13.632
   1767.00    13.600
   1768.00    13.584
   1769.20    13.633
   1770.40    13.649
   1771.60    13.663
   1772.80    13.657
   1774.00    13.619
   1775.20    13.623
   1776.40    13.657
   1777.60    13.690
   1778.80    13.669
   1779.80    13.657
   1781.00    13.674
   1782.20    13.684
   1783.40    13.677
   1784.60    13.660
   1785.80    13.661
   1787.00    13.664
   1788.20    13.662
   1789.40    13.688
   1790.60    13.682
   1791.60    13.683
   1792.80    13.670
   1794.00    13.671
   1795.20    13.672
   1796.40    13.711
   1797.60    13.726
   1798.80    13.745
   1800.00    13.705
   1801.20    13.666
   1802.40    13.659
   1803.40    13.676
   1804.60    13.689
   1805.80    13.687
   1807.00    13.691
   1808.20    13.672
   1809.40    13.682
   1810.60    13.670
   1811.80    13.700
   1813.00    13.679
   1814.00    13.665
   1815.20    13.654
   1816.40    13.658
   1817.60    13.644
   1818.80    13.648
   1820.00    13.631
   1821.20    13.646
   1822.40    13.666
   1823.60    13.688
   1824.80    13.674
   1825.80    13.671
   1827.00    13.673
   1828.20    13.683
   1829.40    13.689
   1830.60    13.700
   1831.80    13.705
   1833.00    13.687
   1834.20    13.694
   1835.40    13.706
   1836.60    13.714
   1837.60    13.703
   1838.80    13.693
   1840.00    13.688
   1841.20    13.724
   1842.40    13.700
   1843.60    13.684
   1844.80    13.706
   1846.00    13.693
   1847.20    13.672
   1848.40    13.698
   1849.40    13.725
   1850.60    13.728
   1851.80    13.726
   1853.00    13.740
   1854.20    13.737
   1855.40    13.728
   1856.60    13.738
   1857.80    13.741
   1859.00    13.750
   1860.20    13.738
   1861.20    13.732
   1862.40    13.713
   1863.60    13.705
   1864.80    13.694
   1866.00    13.707
   1867.20    13.718
   1868.40    13.734
   1869.60    13.714
   1870.80    13.681
   1872.00    13.668
   1873.00    13.706
   1874.20    13.739
   1875.40    13.725
   1876.60    13.734
   1877.80    13.747
   1879.00    13.746
   1880.20    13.742
   1881.40    13.712
   1882.60    13.739
   1883.80    13.713
   1884.80    13.729
   1886.00    13.747
   1887.20    13.774
   1888.40    13.748
   1889.60    13.748
   1890.80    13.754
   1892.00    13.755
   1893.20    13.729
   1894.40    13.750
   1895.60    13.746
   1896.60    13.766
   1897.80    13.790
   1899.00    13.782
   1900.20    13.772
   1901.40    13.794
   1902.60    13.789
   1903.80    13.788
   1905.00    13.785
   1906.20    13.791
   1907.40    13.780
   1908.40    13.763
   1909.60    13.752
   1910.80    13.749
   1912.00    13.750
   1913.20    13.772
   1914.40    13.781
   1915.60    13.794
   1916.80    13.780
   1918.00    13.778
   1919.20    13.774
   1920.20    13.778
   1921.40    13.776
   1922.60    13.746
   1923.80    13.745
   1925.00    13.746
   1926.20    13.768
   1927.40    13.772
   1928.60    13.728
   1929.80    13.718
   1931.00    13.717
   1932.00    13.757
   1933.20    13.806
   1934.40    13.791
   1935.60    13.786
   1936.80    13.800
   1938.00    13.795
   1939.20    13.810
   1940.40    13.797
   1941.60    13.782
   1942.80    13.770
   1943.80    13.783
   1945.00    13.793
   1946.20    13.800
   1947.40    13.773
   1948.60    13.740
   1949.80    13.753
   1951.00    13.775
   1952.20    13.772
   1953.40    13.758
   1954.60    13.728
   1955.60    13.724
   1956.80    13.742
   1958.00    13.796
   1959.20    13.769
   1960.40    13.767
   1961.60    13.776
   1962.80    13.744
   1964.00    13.734
   1965.20    13.756
   1966.20    13.774
   1967.40    13.785
   1968.60    13.746
   1969.80    13.727
   1970.20    13.716
   1972.00    13.721
   1973.80    13.764
   1975.80    13.721
   1977.60    13.870
   1979.40    13.720
   1981.40    13.508
   1983.20    13.722
   1985.00    13.944
   1987.00    13.781
   1988.80    13.765
   1990.60    13.846
   1992.60    13.919
   1994.40    13.750
   1996.20    13.867
   1998.20    13.910
   2000.00    13.861
   2001.80    13.778
   2003.80    13.942
   2005.60    14.001
   2007.40    13.947
   2009.40    13.988
   2011.20    13.747
   2013.20    13.563
   2015.00    13.661
   2016.80    13.715
   2018.80    13.956
   2020.60    13.801
   2022.40    13.617
   2024.40    13.782
   2026.20    13.771
   2028.00    13.947
   2030.00    13.736
   2031.80    13.686
   2033.60    13.669
   2035.60    13.715
   2037.40    13.987
   2039.20    13.920
   2041.20    13.537
   2043.00    13.565
   2044.80    13.652
   2046.80    13.612
   2048.60    13.551
   2050.40    13.839
   2052.40    13.847
   2054.20    13.752
   2056.00    13.507
   2058.00    13.531
   2059.80    13.705
   2061.80    13.916
   2063.60    13.806
   2065.40    13.711
   2067.40    13.729
   2069.20    13.842
   2071.00    13.802
   2073.00    13.780
   2074.80    13.709
   2076.60    13.535
   2078.60    13.538
   2080.40    13.793
   2082.20    13.831
   2084.20    13.586
   2086.00    13.700
   2087.80    13.811
   2089.80    13.791
   2091.60    13.732
   2093.40    13.819
   2095.40    13.782
   2097.20    13.735
   2099.00    13.848
   2101.00    13.887
   2102.80    13.806
   2104.80    13.770
   2106.60    13.744
   2108.40    13.521
   2110.40    13.514
   2112.20    13.778
   2114.00    13.816
   2116.00    13.822
   2117.80    13.915
   2119.60    13.602
   2121.60    13.638
   2123.40    13.888
   2125.20    13.859
   2127.20    13.579
   2129.00    13.700
   2130.80    13.965
   2132.80    14.078
   2134.60    13.773
   2136.40    13.587
   2138.40    13.771
   2140.20    13.928
   2142.00    13.838
   2144.00    13.855
   2145.80    13.831
   2147.60    13.758
   2149.60    13.791
   2151.40    13.795
   2153.40    13.824
   2155.20    13.905
   2157.00    13.868
   2159.00    13.849
   2160.80    13.871
   2162.60    13.788
   2164.60    13.789
   2166.40    13.886
   2168.20    13.694
   2170.20    13.764
   2172.00    13.895
   2173.80    13.807
   2175.80    13.656
   2177.60    13.740
   2179.40    13.881
   2181.40    13.979
   2183.20    13.848
   2185.00    13.694
   2187.00    13.688
   2188.80    13.946
   2190.60    14.196
   2192.60    13.920
   2194.40    13.923
   2196.20    13.885
   2198.20    13.702
   2200.00    13.860
   2202.00    13.785
   2203.80    13.761
   2205.60    13.805
   2207.60    13.739
   2209.40    13.809
   2211.20    14.100
   2213.20    13.981
   2215.00    13.682
   2216.80    13.679
   2218.80    13.901
   2220.60    13.915
   2222.40    13.797
   2224.40    13.700
   2226.20    13.782
   2228.00    13.912
   2230.00    13.780
   2231.80    13.731
   2233.60    13.769
   2235.60    13.858
   2237.40    13.865
   2239.20    13.808
   2241.20    13.900
   2243.00    13.859
   2245.00    13.776
   2246.80    13.633
   2248.60    13.724
   2250.60    13.946
   2252.40    13.789
   2254.20    13.629
   2256.20    13.720
   2258.00    13.782
   2259.80    13.895
   2261.80    13.826
   2263.60    13.763
   2265.40    13.654
   2267.40    13.670
   2269.20    13.861
   2271.00    13.965
   2273.00    13.881
   2274.80    13.712
   2276.60    13.796
   2278.60    13.936
   2280.40    13.812
   2282.20    13.901
   2284.20    13.856
   2286.00    13.819
   2287.80    13.827
   2289.80    13.894
   2291.60    13.989
   2293.60    13.801
   2295.40    13.692
   2297.20    13.784
   2299.20    13.916
   2301.00    13.893
   2302.80    13.746
   2304.80    13.789
   2306.60    13.862
   2308.40    13.790
   2310.40    13.826
   2312.20    13.781
   2314.00    13.785
   2316.00    13.726
   2317.80    13.742
   2319.60    13.766
   2321.60    13.799
   2323.40    13.826
   2325.20    13.817
   2327.20    13.776
   2329.00    13.780
   2330.80    13.871
   2332.80    13.736
   2334.60    13.705
   2336.40    13.678
   2338.40    13.682
   2340.20    13.765
   2342.20    13.824
   2344.00    13.876
   2345.80    13.900
   2347.80    13.834
   2349.60    13.703
   2351.40    13.723
   2353.40    13.863
   2355.20    13.889
   2357.00    13.744
   2359.00    13.739
   2360.80    13.829
   2362.60    14.017
   2364.60    13.787
   2366.40    13.687
   2368.20    13.808
   2370.20    13.858
   2372.00    13.858
   2373.80    13.782
   2375.80    13.717
   2377.60    13.870
   2379.40    13.861
   2381.40    13.726
   2383.20    13.752
   2385.20    13.890
   2387.00    13.788
   2388.80    13.716
   2390.80    13.794
   2392.60    13.724
   2394.40    13.794
   2396.40    13.847
   2398.20    13.922
   2400.00    13.896
   2402.00    13.768
   2403.80    13.797
   2405.60    13.822
   2407.60    13.814
   2409.40    13.779
   2411.20    13.771
   2413.20    13.823
   2415.00    13.940
   2416.80    13.900
   2418.80    13.755
   2420.60    13.737
   2422.40    13.901
   2424.40    13.999
   2426.20    13.893
   2428.00    13.824
   2430.00    13.862
   2431.80    13.861
   2433.80    13.859
   2435.60    13.888
   2437.40    13.845
   2439.40    13.786
   2441.20    13.836
   2443.00    13.866
   2445.00    13.817
   2446.80    13.851
   2448.60    13.915
   2450.60    13.785
   2452.40    13.663
   2454.20    13.722
   2456.20    13.899
   2458.00    13.863
   2459.80    13.806
   2461.80    13.874
   2463.60    13.891
   2465.40    13.903
   2467.40    13.822
   2469.20    13.815
   2471.00    13.824
   2473.00    13.869
   2474.80    13.807
   2476.60    13.791
   2478.60    13.753
   2480.40    13.822
   2482.40    13.883
   2484.20    13.852
   2486.00    13.807
   2488.00    13.805
   2489.80    13.840
   2491.60    13.882
   2493.60    13.947
   2495.40    13.915
   2497.20    13.880
   2499.20    13.835
   2501.00    13.748
   2502.80    13.763
   2504.80    13.779
   2506.60    13.785
   2508.40    13.759
   2510.40    13.751
   2512.20    13.776
   2514.00    13.782
   2516.00    13.778
   2517.80    13.771
   2519.60    13.814
   2521.60    13.902
   2523.40    13.891
   2525.40    13.825
   2527.20    13.818
   2529.00    13.920
   2531.00    13.912
   2532.80    13.786
   2534.60    13.812
   2536.60    13.906
   2538.40    13.917
   2540.20    13.867
   2542.20    13.789
   2544.00    13.835
   2545.80    13.862
   2547.80    13.808
   2549.60    13.763
   2551.40    13.801
   2553.40    13.900
   2555.20    13.932
   2557.00    13.859
   2559.00    13.885
   2560.80    13.853
   2562.60    13.787
   2564.60    13.877
   2566.40    13.927
   2568.20    13.940
   2570.20    13.945
   2572.00    13.907
   2574.00    13.863
   2575.80    13.869
   2577.60    13.858
   2579.60    13.848
   2581.40    13.821
   2583.20    13.788
   2585.20    13.839
   2587.00    13.935
   2588.80    13.868
   2590.80    13.825
   2592.60    13.862
   2594.40    13.831
   2596.40    13.787
   2598.20    13.815
   2600.00    13.898
   2602.00    13.922
   2603.80    13.897
   2605.60    13.856
   2607.60    13.916
   2609.40    13.961
   2611.20    13.918
   2613.20    13.848
   2615.00    13.867
   2616.80    13.931
   2618.80    13.983
   2620.60    13.927
   2622.60    13.854
   2624.40    13.823
   2626.20    13.830
   2628.20    13.826
   2630.00    13.838
   2631.80    13.886
   2633.80    13.934
   2635.60    13.889
   2637.40    13.846
   2639.40    13.919
   2641.20    13.971
   2643.00    13.888
   2645.00    13.888
   2646.80    14.008
   2648.60    14.008
   2650.60    13.901
   2652.40    13.845
   2654.20    13.881
   2656.20    13.885
   2658.00    13.825
   2659.80    13.839
   2661.80    13.875
   2663.60    13.838
   2665.60    13.872
   2667.40    13.946
   2669.20    13.921
   2671.20    13.863
   2673.00    13.869
   2674.80    13.936
   2676.80    13.929
   2678.60    13.874
   2680.40    13.862
   2682.40    13.899
   2684.20    13.924
   2686.00    13.896
   2688.00    13.937
   2689.80    13.980
   2691.60    13.991
   2693.60    13.956
   2695.40    13.947
   2697.20    13.949
   2699.20    13.919
   2701.00    13.908
   2702.80    13.896
   2704.80    13.920
   2706.60    13.938
   2708.40    13.891
   2710.40    13.875
   2712.20    13.852
   2714.20    13.856
   2716.00    13.886
   2717.80    13.893
   2719.80    13.877
   2721.60    13.875
   2723.40    13.900
   2725.40    13.942
   2727.20    13.956
   2729.00    13.944
   2731.00    13.936
   2732.80    13.941
   2734.60    13.925
   2736.60    13.909
   2738.40    13.913
   2740.20    13.925
   2742.20    13.931
   2744.00    13.919
   2745.80    13.890
   2747.80    13.877
   2749.60    13.866
   2751.40    13.889
   2753.40    13.921
   2755.20    13.939
   2757.00    13.926
   2759.00    13.931
   2760.80    13.951
   2762.80    13.966
   2764.60    13.959
   2766.40    13.930
   2768.40    13.975
   2770.20    13.987
   2772.00    13.916
   2774.00    13.897
   2775.80    13.918
   2777.60    13.937
   2779.60    13.968
   2781.40    13.948
   2783.20    13.937
   2785.20    13.971
   2787.00    14.011
   2788.80    14.055
   2790.80    14.032
   2792.60    13.934
   2794.40    13.883
   2796.40    13.950
   2798.20    13.971
   2800.00    13.942
   2802.00    13.989
   2803.80    14.030
   2805.80    13.959
   2807.60    13.916
   2809.40    13.910
   2811.40    13.933
   2813.20    13.965
   2815.00    13.940
   2817.00    13.902
   2818.80    13.915
   2820.60    13.922
   2822.60    13.899
   2824.40    13.931
   2826.20    13.968
   2828.20    13.951
   2830.00    13.940
   2831.80    13.905
   2833.80    13.869
   2835.60    13.890
   2837.40    13.913
   2839.40    13.917
   2841.20    13.916
   2843.00    13.940
   2845.00    13.958
   2846.80    13.938
   2848.60    13.936
   2850.60    13.936
   2852.40    13.953
   2854.40    13.948
   2856.20    13.941
   2858.00    13.933
   2860.00    13.941
   2861.80    13.988
   2863.60    14.016
   2865.60    13.995
   2867.40    13.988
   2869.20    13.974
   2871.20    13.945
   2873.00    13.948
   2874.80    13.922
   2876.80    13.940
   2878.60    14.008
   2880.40    14.002
   2882.40    13.980
   2884.20    14.006
   2886.00    13.962
   2888.00    13.899
   2889.80    13.900
   2891.60    13.927
   2893.60    13.970
   2895.40    13.975
   2897.20    13.935
   2899.20    13.931
   2901.00    13.946
   2903.00    13.940
   2904.80    13.958
   2906.60    13.988
   2908.60    13.977
   2910.40    13.957
   2912.20    13.961
   2914.20    13.976
   2916.00    14.012
   2917.80    14.003
   2919.80    13.941
   2921.60    13.910
   2923.40    13.933
   2925.40    13.941
   2927.20    13.925
   2929.00    13.941
   2931.00    13.963
   2932.80    13.977
   2934.60    14.001
   2936.60    14.020
   2938.40    14.050
   2940.20    14.077
   2942.20    14.075
   2944.00    14.056
   2946.00    14.010
   2947.80    13.943
   2949.60    13.921
   2951.60    13.973
   2953.40    14.017
   2955.20    13.976
   2957.20    13.943
   2959.00    13.959
   2960.80    13.972
   2962.80    14.004
   2964.60    14.034
   2966.40    14.028
   2968.40    14.004
   2970.20    13.998
   2972.00    14.011
   2974.00    13.990
   2975.80    13.955
   2977.60    13.931
   2979.60    13.911
   2981.40    13.915
   2983.20    13.934
   2985.20    13.970
   2987.00    13.957
   2988.80    13.933
   2990.80    13.954
   2992.60    13.989
   2994.60    13.991
   2996.40    13.961
   2998.20    13.956
   3000.20    13.947
   3002.00    13.946
   3003.80    13.940
   3005.80    13.945
   3007.60    13.984
   3009.40    13.983
   3011.40    14.003
   3013.20    14.061
   3015.00    14.053
   3017.00    14.022
   3018.80    13.994
   3020.60    13.968
   3022.60    14.012
   3024.40    14.047
   3026.20    14.022
   3028.20    13.996
   3030.00    13.968
   3031.80    13.991
   3033.80    14.044
   3035.60    14.049
   3037.40    13.999
   3039.40    13.993
   3041.20    14.000
   3043.20    14.002
   3045.00    13.993
   3046.80    13.990
   3048.80    13.981
   3050.60    14.012
   3052.40    14.031
   3054.40    14.017
   3056.20    14.004
   3058.00    13.990
   3060.00    14.015
   3061.80    14.048
   3063.60    14.038
   3065.60    13.973
   3067.40    13.903
   3069.20    13.937
   3071.20    13.999
   3073.00    14.040
   3074.80    14.055
   3076.80    14.038
   3078.60    14.028
   3080.40    14.038
   3082.40    14.017
   3084.20    14.019
   3086.20    14.080
   3088.00    14.053
   3089.80    13.981
   3091.80    13.961
   3093.60    13.961
   3095.40    13.978
   3097.40    13.999
   3099.20    13.978
   3101.00    13.961
   3103.00    13.957
   3104.80    13.948
   3106.60    13.951
   3108.60    13.956
   3110.40    13.977
   3112.20    14.016
   3114.20    14.057
   3116.00    14.071
   3117.80    14.060
   3119.80    14.061
   3121.60    14.063
   3123.40    14.038
   3125.40    14.016
   3127.20    14.015
   3129.00    14.030
   3131.00    14.052
   3132.80    14.038
   3134.80    14.003
   3136.60    13.952
   3138.40    13.911
   3140.40    13.931
   3142.20    14.010
   3144.00    14.082
   3146.00    14.105
   3147.80    14.058
   3149.60    14.000
   3152.28    14.082
   3157.54    14.084
   3162.81    14.085
   3168.09    14.087
   3173.38    14.088
   3178.68    14.090
   3183.99    14.091
   3189.30    14.093
   3194.62    14.094
   3199.96    14.096
   3205.30    14.097
   3210.65    14.099
   3216.01    14.100
   3221.38    14.102
   3226.75    14.103
   3232.14    14.105
   3237.53    14.106
   3242.94    14.108
   3248.35    14.109
   3253.77    14.111
   3259.20    14.113
   3264.64    14.114
   3270.09    14.116
   3275.55    14.117
   3281.02    14.119
   3286.50    14.120
   3291.98    14.122
   3297.48    14.123
   3302.98    14.125
   3308.50    14.126
   3314.02    14.128
   3319.55    14.129
   3325.09    14.131
   3330.64    14.132
   3336.20    14.134
   3341.77    14.135
   3347.35    14.137
   3352.93    14.138
   3358.53    14.140
   3364.14    14.141
   3369.75    14.143
   3375.38    14.144
   3381.01    14.146
   3386.66    14.147
   3392.31    14.149
   3397.97    14.151
   3403.64    14.152
   3409.32    14.154
   3415.01    14.155
   3420.72    14.157
   3426.43    14.158
   3432.15    14.160
   3437.87    14.162
   3443.61    14.163
   3449.36    14.165
   3455.12    14.166
   3460.89    14.168
   3466.66    14.170
   3472.45    14.171
   3478.25    14.173
   3484.05    14.174
   3489.87    14.176
   3495.69    14.177
   3501.53    14.179
   3507.37    14.180
   3513.23    14.182
   3519.09    14.184
   3524.97    14.185
   3530.85    14.187
   3536.74    14.188
   3542.65    14.190
   3548.56    14.191
   3554.48    14.193
   3560.42    14.195
   3566.36    14.196
   3572.31    14.198
   3578.27    14.200
   3584.25    14.201
   3590.23    14.203
   3596.22    14.204
   3602.23    14.206
   3608.24    14.208
   3614.26    14.209
   3620.29    14.211
   3626.34    14.213
   3632.39    14.214
   3638.46    14.216
   3644.53    14.218
   3650.61    14.223
   3656.71    14.231
   3662.81    14.240
   3668.92    14.248
   3675.05    14.256
   3681.18    14.265
   3687.33    14.273
   3693.48    14.282
   3699.65    14.291
   3705.82    14.300
   3712.01    14.309
   3718.20    14.318
   3724.41    14.327
   3730.63    14.336
   3736.85    14.345
   3743.09    14.355
   3749.34    14.354
   3755.60    14.365
   3761.87    14.370
   3768.15    14.376
   3774.44    14.373
   3780.74    14.372
   3787.05    14.377
   3793.37    14.397
   3799.70    14.362
   3806.04    14.383
   3812.40    14.356
   3818.76    14.352
   3825.14    14.381
   3831.52    14.428
   3837.92    14.399
   3844.32    14.398
   3850.74    14.339
   3857.17    14.299
   3863.60    14.291
   3870.05    14.320
   3876.51    14.383
   3882.98    14.468
   3889.47    14.474
   3895.96    14.484
   3902.46    14.394
   3908.98    14.309
   3915.50    14.243
   3922.04    14.197
   3928.58    14.178
   3935.14    14.183
   3941.71    14.219
   3948.29    14.280
   3954.88    14.366
   3961.48    14.466
   3968.09    14.553
   3974.72    14.543
   3981.35    14.462
   3988.00    14.363
   3994.65    14.277
   4001.32    14.206
   4008.00    14.151
   4014.69    14.109
   4021.39    14.080
   4028.10    14.062
   4034.83    14.055
   4041.56    14.059
   4048.31    14.072
   4055.07    14.097
   4061.84    14.135
   4068.62    14.186
   4075.41    14.254
   4082.21    14.339
   4089.02    14.439
   4095.85    14.548
   4102.69    14.686
   4109.54    14.564
   4116.40    14.450
   4123.27    14.353
   4130.15    14.272
   4137.04    14.201
   4143.95    14.150
   4150.87    14.109
   4157.79    14.077
   4164.73    14.055
   4171.69    14.037
   4178.65    14.025
   4185.62    14.017
   4192.61    14.011
   4199.61    14.008
   4206.62    14.005
   4213.64    14.006
   4220.67    14.007
   4227.72    14.010
   4234.78    14.014
   4241.85    14.019
   4248.93    14.027
   4256.02    14.037
   4263.12    14.048
   4270.24    14.064
   4277.37    14.084
   4284.51    14.109
   4291.66    14.143
   4298.82    14.184
   4306.00    14.238
   4313.19    14.307
   4320.38    14.387
   4327.60    14.483
   4334.82    14.615
   4342.06    14.770
   4349.30    14.601
   4356.56    14.478
   4363.84    14.387
   4371.12    14.312
   4378.42    14.250
   4385.73    14.199
   4393.04    14.164
   4400.38    14.136
   4407.72    14.114
   4415.08    14.100
   4422.45    14.089
   4429.83    14.080
   4437.23    14.075
   4444.63    14.072
   4452.05    14.071
   4459.48    14.070
   4466.93    14.068
   4474.38    14.067
   4481.85    14.067
   4489.33    14.068
   4496.83    14.070
   4504.33    14.071
   4511.85    14.072
   4519.38    14.074
   4526.93    14.076
   4534.48    14.078
   4542.05    14.080
   4549.63    14.082
   4557.23    14.084
   4564.84    14.087
   4572.46    14.089
   4580.09    14.091
   4587.73    14.094
   4595.39    14.097
   4603.06    14.099
   4610.75    14.102
   4618.44    14.105
   4626.15    14.108
   4633.87    14.111
   4641.61    14.114
   4649.35    14.117
   4657.12    14.120
   4664.89    14.124
   4672.68    14.127
   4680.48    14.131
   4688.29    14.135
   4696.12    14.139
   4703.95    14.143
   4711.81    14.148
   4719.67    14.153
   4727.55    14.157
   4735.44    14.164
   4743.34    14.171
   4751.26    14.178
   4759.19    14.186
   4767.14    14.195
   4775.09    14.206
   4783.06    14.219
   4791.05    14.236
   4799.05    14.256
   4807.06    14.280
   4815.08    14.314
   4823.12    14.356
   4831.17    14.407
   4839.23    14.474
   4847.31    14.556
   4855.40    14.705
   4863.51    14.904
   4871.62    14.665
   4879.76    14.544
   4887.90    14.469
   4896.06    14.406
   4904.23    14.363
   4912.42    14.328
   4920.62    14.302
   4928.83    14.283
   4937.06    14.270
   4945.30    14.260
   4953.56    14.253
   4961.83    14.247
   4970.11    14.248
   4978.40    14.249
   4986.71    14.250
   4995.04    14.251
   5003.38    14.252
   5011.73    14.253
   5020.09    14.254
   5028.47    14.255
   5036.87    14.256
   5045.27    14.257
   5053.69    14.258
   5062.13    14.259
   5070.58    14.260
   5079.04    14.261
   5087.52    14.262
   5096.01    14.263
   5104.52    14.264
   5113.04    14.265
   5121.58    14.266
   5130.12    14.267
   5138.69    14.269
   5147.27    14.272
   5155.86    14.274
   5164.46    14.277
   5173.08    14.279
   5181.72    14.282
   5190.37    14.284
   5199.03    14.287
   5207.71    14.289
   5216.40    14.292
   5225.11    14.295
   5233.83    14.297
   5242.57    14.300
   5251.32    14.302
   5260.08    14.305
   5268.87    14.308
   5277.66    14.310
   5286.47    14.313
   5295.29    14.316
   5304.13    14.318
   5312.99    14.321
   5321.85    14.323
   5330.74    14.326
   5339.64    14.329
   5348.55    14.331
   5357.48    14.334
   5366.42    14.337
   5375.38    14.339
   5384.35    14.342
   5393.34    14.345
   5402.34    14.347
   5411.36    14.350
   5420.39    14.353
   5429.44    14.356
   5438.50    14.358
   5447.58    14.361
   5456.67    14.364
   5465.78    14.367
   5474.90    14.369
   5484.04    14.372
   5493.20    14.375
   5502.37    14.377
   5511.55    14.380
   5520.75    14.383
   5529.97    14.385
   5539.20    14.388
   5548.44    14.391
   5557.71    14.394
   5566.98    14.396
   5576.27    14.399
   5585.58    14.402
   5594.91    14.405
   5604.25    14.407
   5613.60    14.410
   5622.97    14.413
   5632.36    14.416
   5641.76    14.419
   5651.17    14.421
   5660.61    14.424
   5670.06    14.427
   5679.52    14.429
   5689.00    14.432
   5698.50    14.435
   5708.01    14.438
   5717.54    14.440
   5727.08    14.443
   5736.64    14.446
   5746.22    14.449
   5755.81    14.451
   5765.42    14.454
   5775.04    14.457
   5784.68    14.460
   5794.34    14.463
   5804.01    14.465
   5813.70    14.468
   5823.40    14.471
   5833.12    14.474
   5842.86    14.476
   5852.61    14.479
   5862.38    14.482
   5872.17    14.485
   5881.97    14.487
   5891.79    14.490
   5901.62    14.493
   5911.47    14.496
   5921.34    14.499
   5931.22    14.501
   5941.12    14.504
   5951.04    14.507
   5960.97    14.510
   5970.92    14.513
   5980.89    14.516
   5990.87    14.518
   6000.87    14.521
   6010.89    14.524
   6020.92    14.527
   6030.97    14.529
   6041.04    14.532
   6051.12    14.535
   6061.23    14.538
   6071.34    14.541
   6081.48    14.544
   6091.63    14.546
   6101.80    14.549
   6111.98    14.552
   6122.19    14.555
   6132.40    14.558
   6142.64    14.561
   6152.89    14.564
   6163.16    14.567
   6173.45    14.569
   6183.76    14.572
   6194.08    14.575
   6204.42    14.578
   6214.77    14.581
   6225.15    14.584
   6235.54    14.587
   6245.95    14.590
   6256.37    14.593
   6266.82    14.596
   6277.28    14.599
   6287.75    14.602
   6298.25    14.605
   6308.76    14.610
   6319.29    14.614
   6329.84    14.618
   6340.41    14.623
   6350.99    14.627
   6361.59    14.631
   6372.21    14.636
   6382.85    14.640
   6393.50    14.645
   6404.17    14.649
   6414.87    14.654
   6425.57    14.658
   6436.30    14.663
   6447.04    14.667
   6457.80    14.672
   6468.58    14.678
   6479.38    14.689
   6490.20    14.702
   6501.03    14.719
   6511.88    14.742
   6522.75    14.773
   6533.64    14.815
   6544.54    14.871
   6555.47    14.965
   6566.41    15.110
   6577.37    14.919
   6588.35    14.859
   6599.35    14.812
   6610.36    14.779
   6621.40    14.767
   6632.45    14.765
   6643.52    14.762
   6654.61    14.760
   6665.72    14.757
   6676.85    14.755
   6687.99    14.752
   6699.15    14.750
   6710.34    14.747
   6721.54    14.744
   6732.76    14.742
   6744.00    14.739
   6755.25    14.737
   6766.53    14.734
   6777.82    14.732
   6789.14    14.729
   6800.47    14.731
   6811.82    14.734
   6823.19    14.736
   6834.58    14.739
   6845.99    14.742
   6857.42    14.745
   6868.86    14.748
   6880.33    14.750
   6891.81    14.753
   6903.32    14.756
   6914.84    14.759
   6926.38    14.762
   6937.94    14.765
   6949.52    14.768
   6961.12    14.771
   6972.75    14.774
   6984.38    14.776
   6996.04    14.779
   7007.72    14.782
   7019.42    14.785
   7031.13    14.788
   7042.87    14.790
   7054.63    14.793
   7066.40    14.796
   7078.20    14.799
   7090.01    14.802
   7101.85    14.805
   7113.70    14.808
   7125.58    14.811
   7137.47    14.814
   7149.38    14.816
   7161.32    14.819
   7173.27    14.822
   7185.25    14.825
   7197.24    14.828
   7209.25    14.831
   7221.29    14.833
   7233.34    14.836
   7245.42    14.839
   7257.51    14.842
   7269.62    14.845
   7281.76    14.848
   7293.91    14.851
   7306.09    14.854
   7318.28    14.857
   7330.50    14.859
   7342.73    14.862
   7354.99    14.865
   7367.27    14.868
   7379.57    14.871
   7391.88    14.874
   7404.22    14.877
   7416.58    14.879
   7428.96    14.882
   7441.36    14.885
   7453.78    14.888
   7466.23    14.891
   7478.69    14.894
   7491.17    14.897
   7503.68    14.900
   7516.20    14.903
   7528.75    14.905
   7541.31    14.908
   7553.90    14.911
   7566.51    14.914
   7579.14    14.917
   7591.79    14.920
   7604.46    14.923
   7617.16    14.926
   7629.87    14.929
   7642.61    14.932
   7655.37    14.934
   7668.15    14.937
   7680.94    14.940
   7693.77    14.943
   7706.61    14.946
   7719.47    14.949
   7732.36    14.952
   7745.26    14.955
   7758.19    14.958
   7771.14    14.960
   7784.12    14.963
   7797.11    14.966
   7810.12    14.969
   7823.16    14.972
   7836.22    14.975
   7849.30    14.978
   7862.40    14.981
   7875.52    14.984
   7888.67    14.987
   7901.84    14.990
   7915.03    14.992
   7928.24    14.995
   7941.47    14.998
   7954.73    15.001
   7968.01    15.004
   7981.31    15.007
   7994.63    15.010
   8007.98    15.013
   8021.34    15.016
   8034.73    15.019
   8048.14    15.021
   8061.58    15.023
   8075.03    15.025
   8088.51    15.028
   8102.02    15.030
   8115.54    15.032
   8129.08    15.034
   8142.65    15.037
   8156.25    15.039
   8169.86    15.041
   8183.50    15.044
   8197.16    15.046
   8210.84    15.049
   8224.55    15.052
   8238.27    15.055
   8252.03    15.058
   8265.80    15.061
   8279.60    15.065
   8293.42    15.068
   8307.26    15.071
   8321.13    15.075
   8335.02    15.078
   8348.93    15.081
   8362.87    15.085
   8376.83    15.088
   8390.81    15.091
   8404.82    15.095
   8418.84    15.100
   8432.90    15.106
   8446.97    15.111
   8461.07    15.116
   8475.20    15.121
   8489.34    15.127
   8503.51    15.131
   8517.71    15.137
   8531.93    15.142
   8546.17    15.145
   8560.43    15.152
   8574.72    15.158
   8589.04    15.161
   8603.37    15.163
   8617.73    15.171
   8632.12    15.176
   8646.53    15.180
   8660.96    15.180
   8675.42    15.185
   8689.90    15.192
   8704.40    15.196
   8718.93    15.200
   8733.49    15.203
   8748.06    15.201
   8762.67    15.207
   8777.29    15.214
   8791.95    15.217
   8806.62    15.220
   8821.32    15.224
   8836.04    15.229
   8850.79    15.231
   8865.57    15.220
   8880.37    15.236
   8895.19    15.238
   8910.04    15.239
   8924.91    15.241
   8939.81    15.244
   8954.73    15.249
   8969.68    15.255
   8984.65    15.261
   8999.65    15.266
   9014.67    15.254
   9029.72    15.268
   9044.79    15.270
   9059.89    15.267
   9075.01    15.264
   9090.16    15.263
   9105.33    15.263
   9120.53    15.266
   9135.75    15.271
   9151.00    15.279
   9166.28    15.289
   9181.58    15.301
   9196.91    15.314
   9212.26    15.325
   9227.63    15.315
   9243.04    15.330
   9258.47    15.328
   9273.92    15.319
   9289.40    15.310
   9304.91    15.302
   9320.44    15.296
   9336.00    15.291
   9351.58    15.288
   9367.19    15.288
   9382.83    15.289
   9398.49    15.293
   9414.18    15.299
   9429.89    15.306
   9445.63    15.317
   9461.40    15.330
   9477.19    15.346
   9493.01    15.364
   9508.86    15.383
   9524.73    15.402
   9540.63    15.411
   9556.55    15.412
   9572.50    15.409
   9588.48    15.395
   9604.49    15.381
   9620.52    15.368
   9636.58    15.356
   9652.66    15.347
   9668.78    15.341
   9684.92    15.334
   9701.08    15.331
   9717.27    15.329
   9733.49    15.327
   9749.74    15.327
   9766.02    15.328
   9782.32    15.330
   9798.65    15.333
   9815.00    15.336
   9831.39    15.340
   9847.80    15.346
   9864.23    15.352
   9880.70    15.360
   9897.19    15.369
   9913.71    15.379
   9930.26    15.393
   9946.84    15.408
   9963.44    15.425
   9980.07    15.446
   9996.73    15.468
  10013.42    15.493
  10030.13    15.521
  10046.87    15.548
  10063.64    15.543
  10080.44    15.519
  10097.27    15.498
  10114.12    15.482
  10131.01    15.469
  10147.92    15.456
  10164.86    15.443
  10181.82    15.431
  10198.82    15.426
  10215.84    15.423
  10232.90    15.420
  10249.98    15.417
  10267.09    15.414
  10284.22    15.415
  10301.39    15.416
  10318.59    15.417
  10335.81    15.418
  10353.06    15.420
  10370.34    15.422
  10387.65    15.425
  10404.99    15.427
  10422.36    15.429
  10439.76    15.432
  10457.18    15.435
  10474.64    15.438
  10492.12    15.441
  10509.64    15.444
  10527.18    15.448
  10544.75    15.451
  10562.35    15.455
  10579.99    15.458
  10597.65    15.462
  10615.33    15.466
  10633.05    15.471
  10650.80    15.475
  10668.58    15.479
  10686.39    15.485
  10704.23    15.491
  10722.09    15.498
  10739.99    15.505
  10757.92    15.511
  10775.88    15.523
  10793.86    15.536
  10811.88    15.548
  10829.93    15.561
  10848.01    15.576
  10866.11    15.596
  10884.25    15.617
  10902.42    15.642
  10920.62    15.674
  10938.85    15.711
  10957.11    15.689
  10975.40    15.659
  10993.72    15.639
  11012.07    15.623
  11030.45    15.608
  11048.86    15.599
  11067.30    15.594
  11085.78    15.588
  11104.28    15.583
  11122.82    15.578
  11141.38    15.572
  11159.98    15.571
  11178.61    15.572
  11197.27    15.573
  11215.96    15.574
  11234.68    15.574
  11253.43    15.575
  11272.22    15.578
  11291.03    15.580
  11309.88    15.583
  11328.76    15.585
  11347.67    15.588
  11366.61    15.590
  11385.58    15.593
  11404.59    15.596
  11423.63    15.599
  11442.70    15.602
  11461.80    15.605
  11480.93    15.608
  11500.09    15.611
  11519.29    15.614
  11538.52    15.617
  11557.78    15.620
  11577.07    15.623
  11596.39    15.626
  11615.75    15.629
  11635.14    15.633
  11654.56    15.636
  11674.01    15.639
  11693.50    15.642
  11713.02    15.645
  11732.57    15.648
  11752.16    15.651
  11771.77    15.655
  11791.42    15.658
  11811.10    15.661
  11830.82    15.664
  11850.57    15.667
  11870.35    15.671
  11890.16    15.674
  11910.01    15.677
  11929.89    15.680
  11949.80    15.683
  11969.75    15.687
  11989.73    15.690
  12009.74    15.692
