   1140.02    10.907
   1140.60    10.894
   1141.18    10.898
   1141.77    10.913
   1142.35    10.891
   1142.94    10.883
   1143.52    10.882
   1144.10    10.869
   1144.69    10.853
   1145.27    10.841
   1145.86    10.837
   1146.44    10.834
   1147.03    10.814
   1147.61    10.811
   1148.19    10.813
   1148.78    10.821
   1149.36    10.824
   1149.94    10.832
   1150.53    10.828
   1151.11    10.836
   1151.70    10.843
   1152.28    10.836
   1152.87    10.833
   1153.45    10.832
   1154.03    10.835
   1154.62    10.831
   1155.20    10.827
   1155.79    10.828
   1156.37    10.828
   1156.95    10.827
   1157.54    10.829
   1158.12    10.828
   1158.71    10.831
   1159.29    10.832
   1159.88    10.828
   1160.46    10.832
   1161.04    10.833
   1161.63    10.835
   1162.21    10.840
   1162.80    10.845
   1163.38    10.838
   1163.96    10.838
   1164.55    10.835
   1165.13    10.840
   1165.72    10.850
   1166.30    10.852
   1166.88    10.860
   1167.47    10.866
   1168.05    10.869
   1168.64    10.868
   1169.22    10.864
   1169.80    10.868
   1170.39    10.873
   1170.97    10.875
   1171.56    10.873
   1172.14    10.867
   1172.72    10.864
   1173.31    10.863
   1173.89    10.860
   1174.48    10.859
   1175.06    10.861
   1175.65    10.865
   1176.23    10.869
   1176.81    10.868
   1177.40    10.877
   1177.98    10.877
   1178.56    10.884
   1179.15    10.888
   1179.73    10.897
   1180.32    10.898
   1180.90    10.900
   1181.48    10.901
   1182.07    10.904
   1182.65    10.903
   1183.24    10.915
   1183.82    10.915
   1184.41    10.918
   1184.99    10.922
   1185.57    10.924
   1186.16    10.928
   1186.74    10.934
   1187.33    10.935
   1187.91    10.940
   1188.49    10.941
   1189.08    10.945
   1189.66    10.953
   1190.25    10.960
   1190.83    10.969
   1191.41    10.971
   1192.00    10.976
   1192.58    10.984
   1193.17    10.987
   1193.75    11.004
   1194.33    11.011
   1194.92    11.024
   1195.50    11.034
   1196.09    11.040
   1196.67    11.048
   1197.26    11.057
   1197.84    11.082
   1198.42    11.106
   1199.01    11.129
   1199.59    11.148
   1200.18    11.176
   1200.76    11.188
   1201.34    11.199
   1201.93    11.217
   1202.51    11.243
   1203.09    11.272
   1203.68    11.295
   1204.26    11.323
   1204.85    11.363
   1205.43    11.405
   1206.02    11.441
   1206.60    11.484
   1207.18    11.529
   1207.77    11.580
   1208.35    11.634
   1208.94    11.697
   1209.52    11.761
   1210.10    11.831
   1210.69    11.909
   1211.27    11.988
   1211.86    12.078
   1212.44    12.172
   1213.02    12.275
   1213.61    12.387
   1214.19    12.506
   1214.78    12.636
   1215.36    12.756
   1215.94    12.786
   1216.53    12.714
   1217.11    12.588
   1217.70    12.470
   1218.28    12.362
   1218.86    12.251
   1219.45    12.154
   1220.03    12.060
   1220.62    11.979
   1221.20    11.897
   1221.78    11.823
   1222.37    11.765
   1222.95    11.705
   1223.54    11.645
   1224.12    11.595
   1224.70    11.553
   1225.29    11.503
   1225.87    11.462
   1226.46    11.426
   1227.04    11.388
   1227.62    11.356
   1228.21    11.324
   1228.79    11.298
   1229.38    11.274
   1229.96    11.251
   1230.54    11.226
   1231.13    11.209
   1231.71    11.177
   1232.30    11.157
   1232.88    11.140
   1233.46    11.125
   1234.05    11.112
   1234.63    11.095
   1235.22    11.081
   1235.80    11.066
   1236.39    11.060
   1236.97    11.040
   1237.55    11.028
   1238.14    11.021
   1238.72    11.023
   1239.31    11.016
   1239.89    11.004
   1240.47    10.995
   1241.06    10.990
   1241.64    10.986
   1242.22    10.984
   1242.81    10.979
   1243.39    10.970
   1243.98    10.973
   1244.56    10.969
   1245.15    10.968
   1245.73    10.969
   1246.31    10.965
   1246.90    10.965
   1247.48    10.957
   1248.06    10.966
   1248.65    10.956
   1249.23    10.955
   1249.82    10.957
   1250.40    10.955
   1250.98    10.950
   1251.57    10.947
   1252.15    10.952
   1252.74    10.949
   1253.32    10.945
   1253.90    10.938
   1254.49    10.947
   1255.07    10.948
   1255.66    10.955
   1256.24    10.947
   1256.82    10.944
   1257.41    10.940
   1257.99    10.951
   1258.58    10.949
   1259.16    10.950
   1259.74    10.951
   1260.33    10.958
   1260.91    10.946
   1261.50    10.949
   1262.08    10.941
   1262.66    10.942
   1263.25    10.937
   1263.83    10.941
   1264.42    10.939
   1265.00    10.937
   1265.58    10.944
   1266.17    10.946
   1266.75    10.949
   1267.34    10.945
   1267.92    10.944
   1268.50    10.946
   1269.09    10.944
   1269.67    10.944
   1270.26    10.944
   1270.84    10.946
   1271.42    10.938
   1272.01    10.944
   1272.59    10.942
   1273.18    10.948
   1273.76    10.944
   1274.34    10.944
   1274.93    10.942
   1275.51    10.945
   1276.10    10.951
   1276.68    10.948
   1277.26    10.951
   1277.85    10.951
   1278.43    10.945
   1279.02    10.954
   1279.60    10.949
   1280.18    10.949
   1280.77    10.954
   1281.35    10.951
   1281.94    10.953
   1282.52    10.952
   1283.10    10.955
   1283.69    10.945
   1284.27    10.946
   1284.85    10.950
   1285.44    10.946
   1286.02    10.944
   1286.61    10.948
   1287.19    10.953
   1287.78    10.954
   1288.36    10.950
   1288.94    10.949
   1289.53    10.955
   1290.11    10.956
   1290.69    10.959
   1291.28    10.958
   1291.86    10.957
   1292.45    10.958
   1293.03    10.961
   1293.61    10.959
   1294.20    10.961
   1294.78    10.964
   1295.37    10.965
   1295.95    10.961
   1296.53    10.961
   1297.12    10.959
   1297.70    10.965
   1298.29    10.954
   1298.87    10.962
   1299.45    10.957
   1300.04    10.958
   1300.62    10.960
   1301.21    10.964
   1301.79    10.969
   1302.37    10.977
   1302.96    10.973
   1303.54    10.965
   1304.12    10.967
   1304.71    10.965
   1305.29    10.966
   1305.88    10.966
   1306.46    10.960
   1307.05    10.967
   1307.63    10.965
   1308.21    10.968
   1308.80    10.972
   1309.38    10.976
   1309.96    10.975
   1310.55    10.980
   1311.13    10.980
   1311.72    10.980
   1312.30    10.979
   1312.88    10.980
   1313.47    10.978
   1314.05    10.982
   1314.64    10.978
   1315.22    10.977
   1315.80    10.980
   1316.39    10.979
   1316.97    10.976
   1317.56    10.975
   1318.14    10.972
   1318.72    10.979
   1319.31    10.981
   1319.89    10.982
   1320.47    10.986
   1321.06    10.982
   1321.64    10.989
   1322.23    10.988
   1322.81    10.985
   1323.40    10.980
   1323.98    10.990
   1324.56    10.991
   1325.15    10.985
   1325.73    10.989
   1326.31    10.985
   1326.90    10.992
   1327.48    10.994
   1328.07    10.984
   1328.65    10.984
   1329.23    10.995
   1329.82    10.989
   1330.40    10.994
   1330.99    10.989
   1331.57    10.994
   1332.15    10.998
   1332.74    11.006
   1333.32    11.009
   1333.91    11.016
   1334.49    11.028
   1335.07    11.022
   1335.66    11.007
   1336.24    11.008
   1336.82    11.002
   1337.41    11.005
   1337.99    10.998
   1338.58    11.000
   1339.16    11.002
   1339.74    10.997
   1340.33    10.997
   1340.91    11.006
   1341.50    11.008
   1342.08    11.001
   1342.66    11.004
   1343.25    11.007
   1343.83    11.006
   1344.42    11.009
   1345.00    11.003
   1345.58    11.004
   1346.17    11.007
   1346.75    11.005
   1347.33    11.002
   1347.92    11.007
   1348.50    11.007
   1349.09    11.010
   1349.67    11.013
   1350.26    11.008
   1350.84    11.009
   1351.42    11.013
   1352.01    11.013
   1352.59    11.015
   1353.17    11.014
   1353.76    11.015
   1354.34    11.016
   1354.93    11.016
   1355.51    11.017
   1356.09    11.013
   1356.68    11.016
   1357.26    11.017
   1357.84    11.015
   1358.43    11.015
   1359.01    11.015
   1359.60    11.020
   1360.18    11.021
   1360.77    11.014
   1361.35    11.021
   1361.93    11.023
   1362.52    11.021
   1363.10    11.017
   1363.68    11.020
   1364.27    11.024
   1364.85    11.028
   1365.44    11.029
   1366.02    11.023
   1366.60    11.024
   1367.19    11.029
   1367.77    11.025
   1368.35    11.027
   1368.94    11.026
   1369.52    11.033
   1370.11    11.033
   1370.69    11.030
   1371.28    11.029
   1371.86    11.031
   1372.44    11.034
   1373.03    11.035
   1373.61    11.038
   1374.19    11.033
   1374.78    11.033
   1375.36    11.028
   1375.95    11.040
   1376.53    11.032
   1377.11    11.034
   1377.70    11.035
   1378.28    11.042
   1378.86    11.043
   1379.45    11.036
   1380.03    11.038
   1380.62    11.044
   1381.20    11.040
   1381.78    11.042
   1382.37    11.038
   1382.95    11.037
   1383.54    11.040
   1384.12    11.047
   1384.70    11.047
   1385.29    11.044
   1385.87    11.048
   1386.45    11.044
   1387.04    11.046
   1387.62    11.043
   1388.21    11.046
   1388.79    11.048
   1389.38    11.044
   1389.96    11.047
   1390.54    11.052
   1391.13    11.049
   1391.71    11.047
   1392.29    11.049
   1392.88    11.051
   1393.46    11.058
   1394.05    11.051
   1394.63    11.057
   1395.21    11.057
   1395.80    11.053
   1396.38    11.056
   1396.96    11.057
   1397.55    11.056
   1398.13    11.050
   1398.72    11.051
   1399.30    11.055
   1399.88    11.056
   1400.47    11.053
   1401.05    11.059
   1401.64    11.058
   1402.22    11.058
   1402.80    11.057
   1403.39    11.059
   1403.97    11.060
   1404.56    11.059
   1405.14    11.064
   1405.72    11.062
   1406.31    11.066
   1406.89    11.070
   1407.47    11.068
   1408.06    11.067
   1408.64    11.067
   1409.22    11.063
   1409.81    11.070
   1410.39    11.063
   1410.98    11.065
   1411.56    11.061
   1412.15    11.064
   1412.73    11.067
   1413.31    11.067
   1413.90    11.068
   1414.48    11.065
   1415.06    11.068
   1415.65    11.072
   1416.23    11.073
   1416.81    11.075
   1417.40    11.071
   1417.98    11.074
   1418.57    11.077
   1419.15    11.075
   1419.73    11.075
   1420.32    11.081
   1420.90    11.081
   1421.49    11.083
   1422.07    11.086
   1422.65    11.086
   1423.24    11.088
   1423.82    11.081
   1424.41    11.087
   1424.99    11.081
   1425.57    11.085
   1426.16    11.079
   1426.74    11.079
   1427.32    11.083
   1427.91    11.083
   1428.49    11.083
   1429.08    11.081
   1429.66    11.084
   1430.24    11.084
   1430.83    11.089
   1431.41    11.088
   1431.99    11.091
   1432.58    11.087
   1433.16    11.087
   1433.75    11.094
   1434.33    11.091
   1434.91    11.090
   1435.50    11.085
   1436.08    11.090
   1436.67    11.092
   1437.25    11.092
   1437.83    11.092
   1438.42    11.090
   1439.00    11.096
   1439.58    11.099
   1440.17    11.094
   1440.75    11.102
   1441.34    11.096
   1441.92    11.096
   1442.50    11.099
   1443.09    11.094
   1443.67    11.097
   1444.26    11.097
   1444.84    11.098
   1445.42    11.092
   1446.01    11.101
   1446.59    11.101
   1447.17    11.099
   1447.76    11.096
   1448.34    11.104
   1448.93    11.102
   1449.51    11.104
   1450.09    11.101
   1450.68    11.108
   1451.26    11.106
   1451.84    11.104
   1452.43    11.106
   1453.01    11.103
   1453.59    11.104
   1454.18    11.103
   1454.76    11.111
   1455.35    11.113
   1455.93    11.113
   1456.51    11.110
   1457.10    11.110
   1457.68    11.113
   1458.27    11.111
   1458.85    11.111
   1459.43    11.113
   1460.02    11.113
   1460.60    11.114
   1461.19    11.118
   1461.77    11.123
   1462.35    11.118
   1462.94    11.114
   1463.52    11.114
   1464.10    11.114
   1464.69    11.113
   1465.27    11.120
   1465.85    11.116
   1466.44    11.118
   1467.02    11.115
   1467.61    11.118
   1468.19    11.117
   1468.77    11.118
   1469.36    11.118
   1469.94    11.119
   1470.53    11.119
   1471.11    11.122
   1471.69    11.123
   1472.28    11.124
   1472.86    11.124
   1473.44    11.126
   1474.03    11.131
   1474.61    11.128
   1475.19    11.127
   1475.78    11.127
   1476.36    11.132
   1476.95    11.133
   1477.53    11.125
   1478.11    11.126
   1478.70    11.130
   1479.28    11.131
   1479.87    11.127
   1480.45    11.129
   1481.03    11.126
   1481.62    11.135
   1482.20    11.133
   1482.78    11.130
   1483.37    11.133
   1483.95    11.130
   1484.54    11.130
   1485.12    11.129
   1485.70    11.138
   1486.29    11.141
   1486.87    11.140
   1487.45    11.140
   1488.04    11.142
   1488.62    11.141
   1489.21    11.135
   1489.79    11.139
   1490.37    11.139
   1490.96    11.143
   1491.54    11.148
   1492.12    11.150
   1492.71    11.148
   1493.29    11.150
   1493.88    11.148
   1494.46    11.142
   1495.04    11.145
   1495.63    11.147
   1496.21    11.148
   1496.80    11.145
   1497.38    11.146
   1497.96    11.147
   1498.55    11.152
   1499.13    11.147
   1499.71    11.145
   1500.30    11.144
   1500.88    11.147
   1501.46    11.149
   1502.05    11.151
   1502.63    11.151
   1503.22    11.158
   1503.80    11.159
   1504.38    11.154
   1504.97    11.157
   1505.55    11.164
   1506.14    11.161
   1506.72    11.163
   1507.30    11.163
   1507.89    11.155
   1508.47    11.157
   1509.05    11.155
   1509.64    11.156
   1510.22    11.159
   1510.80    11.158
   1511.39    11.156
   1511.97    11.156
   1512.56    11.155
   1513.14    11.158
   1513.72    11.159
   1514.31    11.156
   1514.89    11.159
   1515.47    11.161
   1516.06    11.161
   1516.64    11.163
   1517.23    11.168
   1517.81    11.165
   1518.39    11.165
   1518.98    11.165
   1519.56    11.169
   1520.14    11.167
   1520.73    11.169
   1521.31    11.166
   1521.90    11.169
   1522.48    11.175
   1523.06    11.171
   1523.65    11.168
   1524.23    11.173
   1524.81    11.170
   1525.40    11.174
   1525.98    11.177
   1526.56    11.175
   1527.15    11.176
   1527.73    11.172
   1528.32    11.174
   1528.90    11.177
   1529.48    11.175
   1530.07    11.173
   1530.65    11.180
   1531.23    11.182
   1531.82    11.180
   1532.40    11.179
   1532.99    11.182
   1533.57    11.180
   1534.15    11.178
   1534.74    11.182
   1535.32    11.181
   1535.91    11.185
   1536.49    11.181
   1537.07    11.188
   1537.66    11.188
   1538.24    11.185
   1538.82    11.184
   1539.41    11.185
   1539.99    11.187
   1540.57    11.195
   1541.16    11.196
   1541.74    11.191
   1542.33    11.188
   1542.91    11.191
   1543.49    11.188
   1544.08    11.184
   1544.66    11.187
   1545.24    11.185
   1545.83    11.183
   1546.41    11.187
   1546.99    11.187
   1547.58    11.193
   1548.16    11.209
   1548.75    11.206
   1549.33    11.200
   1549.91    11.198
   1550.50    11.204
   1551.08    11.210
   1551.67    11.204
   1552.25    11.200
   1552.83    11.197
   1553.42    11.197
   1554.00    11.198
   1554.58    11.198
   1555.17    11.192
   1555.75    11.201
   1556.33    11.203
   1556.92    11.205
   1557.50    11.195
   1558.08    11.196
   1558.67    11.200
   1559.25    11.199
   1559.84    11.197
   1560.42    11.201
   1561.00    11.208
   1561.59    11.207
   1562.17    11.204
   1562.76    11.208
   1563.34    11.207
   1563.92    11.205
   1564.51    11.206
   1565.09    11.211
   1565.67    11.209
   1566.26    11.213
   1566.84    11.213
   1567.42    11.218
   1568.01    11.211
   1568.59    11.215
   1569.18    11.206
   1569.76    11.210
   1570.34    11.213
   1570.93    11.216
   1571.51    11.210
   1572.09    11.208
   1572.68    11.217
   1573.26    11.214
   1573.84    11.210
   1574.43    11.207
   1575.01    11.212
   1575.60    11.223
   1576.18    11.220
   1576.76    11.221
   1577.35    11.222
   1577.93    11.217
   1578.51    11.221
   1579.10    11.220
   1579.68    11.225
   1580.27    11.225
   1580.85    11.221
   1581.43    11.218
   1582.02    11.218
   1582.60    11.220
   1583.18    11.226
   1583.77    11.235
   1584.35    11.227
   1584.94    11.225
   1585.52    11.226
   1586.10    11.228
   1586.69    11.230
   1587.27    11.226
   1587.85    11.223
   1588.44    11.233
   1589.02    11.230
   1589.60    11.229
   1590.19    11.229
   1590.77    11.228
   1591.35    11.226
   1591.94    11.223
   1592.52    11.227
   1593.11    11.231
   1593.69    11.235
   1594.27    11.237
   1594.86    11.236
   1595.44    11.232
   1596.02    11.231
   1596.61    11.233
   1597.19    11.237
   1597.78    11.234
   1598.36    11.235
   1598.94    11.243
   1599.53    11.238
   1600.11    11.242
   1600.69    11.241
   1601.28    11.237
   1601.86    11.237
   1602.44    11.245
   1603.03    11.247
   1603.61    11.250
   1604.19    11.246
   1604.78    11.239
   1605.36    11.252
   1605.95    11.252
   1606.53    11.249
   1607.11    11.251
   1607.70    11.247
   1608.28    11.250
   1608.86    11.241
   1609.45    11.244
   1610.03    11.247
   1610.61    11.248
   1611.20    11.252
   1611.78    11.258
   1612.37    11.258
   1612.95    11.246
   1613.53    11.244
   1614.12    11.251
   1614.70    11.243
   1615.29    11.246
   1615.87    11.249
   1616.45    11.238
   1617.04    11.240
   1617.62    11.243
   1618.20    11.255
   1618.79    11.258
   1619.37    11.259
   1619.95    11.255
   1620.54    11.265
   1621.12    11.268
   1621.70    11.263
   1622.29    11.262
   1622.87    11.265
   1623.45    11.265
   1624.04    11.265
   1624.62    11.262
   1625.21    11.266
   1625.79    11.262
   1626.37    11.255
   1626.96    11.255
   1627.54    11.260
   1628.12    11.260
   1628.71    11.256
   1629.29    11.259
   1629.88    11.259
   1630.46    11.258
   1631.04    11.259
   1631.63    11.260
   1632.21    11.267
   1632.79    11.275
   1633.38    11.272
   1633.96    11.271
   1634.54    11.266
   1635.13    11.269
   1635.71    11.277
   1636.30    11.276
   1636.88    11.275
   1637.46    11.273
   1638.05    11.267
   1638.63    11.272
   1639.21    11.271
   1639.80    11.273
   1640.38    11.268
   1640.96    11.275
   1641.55    11.270
   1642.13    11.271
   1642.71    11.271
   1643.30    11.275
   1643.88    11.268
   1644.47    11.270
   1645.05    11.269
   1645.63    11.280
   1646.22    11.281
   1646.80    11.281
   1647.38    11.280
   1647.97    11.284
   1648.55    11.283
   1649.14    11.272
   1649.72    11.281
   1650.30    11.288
   1650.89    11.286
   1651.47    11.289
   1652.05    11.287
   1652.64    11.280
   1653.22    11.281
   1653.80    11.278
   1654.39    11.284
   1654.97    11.281
   1655.55    11.285
   1656.14    11.284
   1656.72    11.285
   1657.31    11.275
   1657.89    11.283
   1658.47    11.288
   1659.06    11.285
   1659.64    11.289
   1660.22    11.290
   1660.81    11.291
   1661.39    11.300
   1661.97    11.296
   1662.56    11.296
   1663.14    11.291
   1663.72    11.297
   1664.31    11.298
   1664.89    11.291
   1665.47    11.302
   1666.06    11.301
   1666.64    11.293
   1667.23    11.293
   1667.81    11.292
   1668.39    11.298
   1668.98    11.303
   1669.56    11.291
   1670.14    11.297
   1670.73    11.299
   1671.31    11.293
   1671.90    11.293
   1672.48    11.299
   1673.06    11.298
   1673.65    11.306
   1674.23    11.302
   1674.81    11.299
   1675.40    11.309
   1675.98    11.313
   1676.56    11.312
   1677.15    11.313
   1677.73    11.310
   1678.84    11.301
   1680.21    11.300
   1681.58    11.306
   1682.95    11.306
   1684.32    11.309
   1685.69    11.313
   1687.06    11.315
   1688.44    11.312
   1689.81    11.312
   1691.18    11.312
   1692.55    11.319
   1693.92    11.324
   1695.29    11.320
   1696.66    11.322
   1698.03    11.320
   1699.41    11.324
   1700.78    11.323
   1702.15    11.324
   1703.52    11.325
   1704.89    11.324
   1706.26    11.328
   1707.63    11.320
   1709.00    11.326
   1710.38    11.333
   1711.75    11.336
   1713.12    11.335
   1714.49    11.335
   1715.86    11.334
   1717.23    11.335
   1718.60    11.334
   1719.97    11.339
   1721.35    11.344
   1722.72    11.339
   1724.09    11.342
   1725.46    11.346
   1726.83    11.345
   1728.20    11.348
   1729.57    11.348
   1730.95    11.346
   1732.32    11.346
   1733.69    11.347
   1735.06    11.348
   1736.43    11.351
   1737.80    11.355
   1739.18    11.357
   1740.55    11.356
   1741.92    11.353
   1743.29    11.354
   1744.66    11.362
   1746.03    11.363
   1747.41    11.366
   1748.78    11.366
   1750.15    11.360
   1751.52    11.360
   1752.89    11.365
   1754.27    11.370
   1755.64    11.369
   1757.01    11.365
   1758.38    11.374
   1759.75    11.372
   1761.12    11.371
   1762.50    11.373
   1763.87    11.373
   1765.24    11.375
   1766.61    11.377
   1767.98    11.374
   1769.35    11.379
   1770.73    11.383
   1772.10    11.381
   1773.47    11.386
   1774.84    11.386
   1776.21    11.384
   1777.59    11.385
   1778.96    11.388
   1780.33    11.388
   1781.70    11.388
   1783.07    11.388
   1784.45    11.391
   1785.82    11.395
   1787.19    11.394
   1788.56    11.397
   1789.94    11.400
   1791.31    11.397
   1792.68    11.401
   1794.05    11.402
   1795.42    11.401
   1796.80    11.401
   1798.17    11.401
   1799.54    11.404
   1800.91    11.403
   1802.29    11.401
   1803.66    11.402
   1805.03    11.403
   1806.40    11.409
   1807.77    11.416
   1809.15    11.415
   1810.52    11.414
   1811.89    11.413
   1813.26    11.419
   1814.64    11.417
   1816.01    11.417
   1817.38    11.419
   1818.75    11.419
   1820.12    11.417
   1821.50    11.417
   1822.87    11.419
   1824.24    11.419
   1825.61    11.421
   1826.99    11.422
   1828.36    11.426
   1829.73    11.426
   1831.10    11.427
   1832.48    11.429
   1833.85    11.428
   1835.22    11.430
   1836.59    11.432
   1837.97    11.434
   1839.34    11.433
   1840.71    11.434
   1842.08    11.439
   1843.46    11.432
   1844.83    11.432
   1846.20    11.435
   1847.57    11.435
   1848.95    11.436
   1850.32    11.437
   1851.69    11.447
   1853.06    11.453
   1854.44    11.455
   1855.81    11.453
   1857.18    11.451
   1858.56    11.453
   1859.93    11.452
   1861.30    11.458
   1862.67    11.463
   1864.05    11.457
   1865.42    11.452
   1866.79    11.456
   1868.17    11.454
   1869.54    11.456
   1870.91    11.458
   1872.28    11.461
   1873.66    11.462
   1875.03    11.459
   1876.40    11.462
   1877.78    11.464
   1879.15    11.469
   1880.52    11.471
   1881.89    11.468
   1883.27    11.470
   1884.64    11.468
   1886.01    11.468
   1887.39    11.467
   1888.76    11.466
   1890.13    11.466
   1891.50    11.469
   1892.88    11.470
   1894.25    11.475
   1895.62    11.478
   1896.99    11.478
   1898.37    11.478
   1899.74    11.481
   1901.11    11.485
   1902.49    11.488
   1903.86    11.484
   1905.23    11.483
   1906.61    11.482
   1907.98    11.483
   1909.35    11.481
   1910.73    11.484
   1912.10    11.488
   1913.47    11.489
   1914.84    11.488
   1916.22    11.487
   1917.59    11.492
   1918.96    11.491
   1920.34    11.493
   1921.71    11.497
   1923.08    11.505
   1924.46    11.504
   1925.83    11.503
   1927.20    11.503
   1928.58    11.499
   1929.95    11.503
   1931.32    11.504
   1932.70    11.505
   1934.07    11.505
   1935.44    11.507
   1936.82    11.508
   1938.19    11.505
   1939.56    11.505
   1940.94    11.509
   1942.31    11.511
   1943.68    11.511
   1945.06    11.514
   1946.43    11.517
   1947.80    11.520
   1949.18    11.519
   1950.55    11.518
   1951.92    11.520
   1953.30    11.517
   1954.67    11.517
   1956.04    11.522
   1957.42    11.527
   1958.79    11.525
   1960.16    11.525
   1961.54    11.525
   1962.91    11.528
   1964.28    11.528
   1965.66    11.525
   1967.03    11.527
   1968.40    11.531
   1969.78    11.533
   1971.15    11.536
   1972.52    11.536
   1973.90    11.532
   1975.27    11.529
   1976.64    11.534
   1978.02    11.538
   1979.39    11.538
   1980.76    11.541
   1982.14    11.542
   1983.51    11.538
   1984.89    11.542
   1986.26    11.546
   1987.63    11.543
   1989.01    11.546
   1990.38    11.548
   1991.75    11.551
   1993.13    11.552
   1994.50    11.552
   1995.87    11.552
   1997.25    11.554
   1998.62    11.553
   1999.99    11.551
   2001.37    11.551
   2002.74    11.555
   2004.11    11.557
   2005.49    11.557
   2006.86    11.560
   2008.24    11.560
   2009.61    11.557
   2010.98    11.561
   2012.36    11.567
   2013.73    11.568
   2015.10    11.564
   2016.48    11.567
   2017.85    11.569
   2019.23    11.570
   2020.60    11.570
   2021.97    11.568
   2023.35    11.570
   2024.72    11.573
   2026.09    11.572
   2027.47    11.574
   2028.84    11.580
   2030.22    11.578
   2031.59    11.577
   2032.96    11.577
   2034.34    11.577
   2035.71    11.579
   2037.08    11.584
   2038.46    11.587
   2039.83    11.587
   2041.21    11.588
   2042.58    11.583
   2043.95    11.584
   2045.33    11.586
   2046.70    11.586
   2048.08    11.589
   2049.45    11.587
   2050.82    11.588
   2052.20    11.596
   2053.57    11.595
   2054.95    11.597
   2056.32    11.596
   2057.69    11.597
   2059.07    11.598
   2060.44    11.599
   2061.81    11.597
   2063.19    11.596
   2064.56    11.597
   2065.94    11.601
   2067.31    11.602
   2068.69    11.607
   2070.06    11.608
   2071.43    11.608
   2072.81    11.608
   2074.18    11.605
   2075.55    11.608
   2076.93    11.607
   2078.30    11.610
   2079.68    11.610
   2081.05    11.614
   2082.42    11.613
   2083.80    11.617
   2085.17    11.617
   2086.55    11.615
   2087.92    11.616
   2089.29    11.619
   2090.67    11.622
   2092.04    11.625
   2093.42    11.625
   2094.79    11.624
   2096.17    11.624
   2097.54    11.621
   2098.91    11.625
   2100.29    11.626
   2101.66    11.629
   2103.03    11.629
   2104.41    11.625
   2105.78    11.628
   2107.16    11.631
   2108.53    11.633
   2109.91    11.635
   2111.28    11.632
   2112.65    11.629
   2114.03    11.632
   2115.40    11.634
   2116.78    11.638
   2118.15    11.640
   2119.52    11.639
   2120.90    11.637
   2122.27    11.638
   2123.65    11.643
   2125.02    11.642
   2126.40    11.643
   2127.77    11.649
   2129.14    11.647
   2130.52    11.648
   2131.89    11.648
   2133.27    11.651
   2134.64    11.649
   2136.01    11.648
   2137.39    11.651
   2138.76    11.653
   2140.14    11.652
   2141.51    11.654
   2142.89    11.659
   2144.26    11.657
   2145.64    11.654
   2147.01    11.656
   2148.38    11.658
   2149.76    11.658
   2151.13    11.657
   2152.51    11.661
   2153.88    11.661
   2155.25    11.665
   2156.63    11.665
   2158.00    11.666
   2159.38    11.670
   2160.75    11.672
   2162.13    11.672
   2163.50    11.673
   2164.88    11.668
   2166.25    11.668
   2167.62    11.670
   2169.00    11.672
   2170.37    11.671
   2171.75    11.672
   2173.12    11.671
   2174.50    11.674
   2175.87    11.675
   2177.24    11.673
   2178.62    11.682
   2179.99    11.684
   2181.37    11.684
   2182.74    11.680
   2184.11    11.683
   2185.49    11.686
   2186.86    11.688
   2188.24    11.685
   2189.61    11.682
   2190.99    11.686
   2192.36    11.689
   2193.74    11.689
   2195.11    11.690
   2196.48    11.692
   2197.86    11.691
   2199.23    11.694
   2200.61    11.696
   2201.98    11.699
   2203.36    11.692
   2204.73    11.692
   2206.10    11.695
   2207.48    11.696
   2208.85    11.700
   2210.23    11.698
   2211.60    11.703
   2212.98    11.701
   2214.35    11.704
   2215.73    11.701
   2217.10    11.702
   2218.47    11.699
   2219.85    11.701
   2221.22    11.707
   2222.60    11.711
   2223.97    11.709
   2225.35    11.706
   2226.72    11.709
   2228.09    11.714
   2229.47    11.714
   2230.84    11.714
   2232.22    11.716
   2233.59    11.717
   2234.97    11.718
   2236.34    11.719
   2237.72    11.724
   2239.09    11.727
   2240.47    11.723
   2241.84    11.719
   2243.21    11.722
   2244.59    11.723
   2245.96    11.725
   2247.34    11.725
   2248.71    11.726
   2250.09    11.726
   2251.46    11.727
   2252.83    11.729
   2254.21    11.729
   2255.58    11.727
   2256.96    11.728
   2258.33    11.728
   2259.71    11.731
   2261.08    11.734
   2262.46    11.735
   2263.83    11.736
   2265.21    11.734
   2266.58    11.734
   2267.96    11.735
   2269.33    11.738
   2270.70    11.738
   2272.08    11.741
   2273.45    11.744
   2274.83    11.745
   2276.20    11.746
   2277.58    11.744
   2278.95    11.747
   2280.32    11.745
   2281.70    11.745
   2283.07    11.751
   2284.45    11.751
   2285.82    11.749
   2287.20    11.752
   2288.57    11.753
   2289.95    11.757
   2291.32    11.757
   2292.70    11.758
   2294.07    11.757
   2295.44    11.758
   2296.82    11.760
   2298.19    11.761
   2299.57    11.763
   2300.94    11.761
   2302.32    11.762
   2303.69    11.759
   2305.07    11.758
   2306.44    11.760
   2307.81    11.763
   2309.19    11.763
   2310.56    11.762
   2311.94    11.764
   2313.31    11.767
   2314.69    11.767
   2316.06    11.770
   2317.44    11.773
   2318.81    11.772
   2320.19    11.772
   2321.56    11.772
   2322.93    11.775
   2324.31    11.776
   2325.68    11.779
   2327.06    11.777
   2328.43    11.777
   2329.81    11.779
   2331.18    11.781
   2332.56    11.784
   2333.93    11.784
   2335.30    11.783
   2336.68    11.782
   2338.05    11.784
   2339.43    11.781
   2340.80    11.779
   2342.18    11.783
   2343.55    11.789
   2344.93    11.790
   2346.30    11.793
   2347.68    11.792
   2349.05    11.784
   2350.42    11.785
   2351.80    11.790
   2353.17    11.793
   2354.55    11.794
   2355.92    11.794
   2357.30    11.796
   2358.67    11.800
   2360.05    11.801
   2361.42    11.798
   2362.79    11.799
   2364.17    11.799
   2365.54    11.797
   2366.92    11.799
   2368.29    11.801
   2369.67    11.804
   2371.04    11.804
   2372.42    11.806
   2373.79    11.805
   2375.17    11.807
   2376.54    11.805
   2377.91    11.805
   2379.29    11.809
   2380.66    11.814
   2382.04    11.818
   2383.41    11.818
   2384.79    11.813
   2386.16    11.812
   2387.53    11.815
   2388.91    11.818
   2390.28    11.815
   2391.66    11.815
   2393.03    11.816
   2394.41    11.821
   2395.78    11.822
   2397.16    11.822
   2398.53    11.827
   2399.91    11.826
   2401.28    11.822
   2402.65    11.820
   2404.03    11.824
   2405.40    11.826
   2406.78    11.827
   2408.15    11.828
   2409.53    11.831
   2410.90    11.832
   2412.27    11.833
   2413.65    11.831
   2415.02    11.834
   2416.40    11.837
   2417.77    11.836
   2419.15    11.835
   2420.52    11.835
   2421.90    11.835
   2423.27    11.836
   2424.65    11.841
   2426.02    11.838
   2427.39    11.838
   2428.77    11.843
   2430.14    11.842
   2431.52    11.843
   2432.89    11.841
   2434.27    11.843
   2435.64    11.844
   2437.01    11.849
   2438.39    11.848
   2439.76    11.846
   2441.14    11.847
   2442.51    11.847
   2443.89    11.846
   2445.26    11.847
   2446.64    11.849
   2448.01    11.852
   2449.38    11.852
   2450.76    11.856
   2452.13    11.861
   2453.51    11.861
   2454.88    11.859
   2456.25    11.860
   2457.63    11.857
   2459.00    11.862
   2460.38    11.860
   2461.75    11.862
   2463.13    11.861
   2464.50    11.863
   2465.88    11.864
   2467.25    11.867
   2468.62    11.870
   2470.00    11.867
   2471.37    11.870
   2472.75    11.868
   2474.12    11.870
   2475.50    11.872
   2476.87    11.869
   2478.24    11.867
   2479.62    11.869
   2480.99    11.873
   2482.37    11.873
   2483.74    11.874
   2485.12    11.873
   2486.49    11.875
   2487.86    11.877
   2489.24    11.875
   2490.61    11.877
   2491.99    11.881
   2493.36    11.885
   2494.74    11.883
   2496.11    11.883
   2497.48    11.881
   2498.86    11.883
   2500.23    11.883
   2501.61    11.886
   2502.98    11.889
   2504.35    11.889
   2505.73    11.889
   2507.10    11.887
   2508.48    11.887
   2509.85    11.888
   2511.23    11.888
   2512.60    11.893
   2513.97    11.892
   2515.35    11.892
   2516.72    11.891
   2518.10    11.891
   2519.47    11.895
   2520.84    11.894
   2522.22    11.896
   2523.59    11.902
   2524.97    11.903
   2526.34    11.905
   2527.72    11.903
   2529.09    11.900
   2530.46    11.903
   2531.84    11.903
   2533.21    11.903
   2534.59    11.907
   2535.96    11.909
   2537.33    11.911
   2538.71    11.911
   2540.08    11.907
   2541.46    11.907
   2542.83    11.908
   2544.21    11.907
   2545.58    11.911
   2546.95    11.910
   2548.33    11.913
   2549.70    11.914
   2551.07    11.916
   2552.45    11.918
   2553.82    11.916
   2555.20    11.919
   2556.57    11.919
   2557.95    11.922
   2559.32    11.919
   2560.69    11.919
   2562.07    11.920
   2563.44    11.921
   2564.81    11.926
   2566.19    11.927
   2567.56    11.926
   2568.94    11.925
   2570.31    11.925
   2571.69    11.929
   2573.06    11.934
   2574.43    11.930
   2575.81    11.928
   2577.18    11.931
   2578.55    11.930
   2579.93    11.932
   2581.30    11.935
   2582.68    11.938
   2584.05    11.935
   2585.43    11.936
   2586.80    11.936
   2588.17    11.937
   2589.55    11.935
   2590.92    11.938
   2592.29    11.936
   2593.67    11.938
   2595.04    11.940
   2596.42    11.940
   2597.79    11.944
   2599.16    11.948
   2600.54    11.948
   2601.91    11.942
   2603.28    11.944
   2604.66    11.947
   2606.03    11.951
   2607.41    11.949
   2608.78    11.950
   2610.15    11.951
   2611.53    11.948
   2612.90    11.948
   2614.27    11.950
   2615.65    11.950
   2617.02    11.947
   2618.40    11.949
   2619.77    11.954
   2621.14    11.957
   2622.52    11.957
   2623.89    11.955
   2625.26    11.958
   2626.64    11.959
   2628.01    11.961
   2629.39    11.962
   2630.76    11.963
   2632.13    11.960
   2633.51    11.962
   2634.88    11.964
   2636.25    11.969
   2637.63    11.970
   2639.00    11.965
   2640.38    11.967
   2641.75    11.966
   2643.12    11.969
   2644.50    11.974
   2645.87    11.974
   2647.24    11.971
   2648.62    11.971
   2649.99    11.972
   2651.36    11.971
   2652.74    11.973
   2654.11    11.974
   2655.48    11.978
   2656.86    11.976
   2658.23    11.975
   2659.60    11.976
   2660.98    11.976
   2662.35    11.978
   2663.73    11.984
   2665.10    11.982
   2666.47    11.983
   2667.85    11.983
   2669.22    11.984
   2670.59    11.987
   2671.97    11.985
   2673.34    11.986
   2674.71    11.990
   2676.09    11.995
   2677.46    11.995
   2678.83    11.984
   2680.21    11.985
   2681.58    11.988
   2682.95    11.988
   2684.33    11.994
   2685.70    11.995
   2687.07    11.995
   2688.45    11.992
   2689.82    11.992
   2691.19    11.994
   2692.57    11.994
   2693.94    11.997
   2695.31    11.996
   2696.69    11.996
   2698.06    11.999
   2699.43    12.002
   2700.81    12.004
   2702.18    12.002
   2703.55    12.005
   2704.93    12.002
   2706.30    12.006
   2707.67    12.007
   2709.05    12.009
   2710.42    12.011
   2711.79    12.008
   2713.17    12.010
   2714.54    12.010
   2715.91    12.011
   2717.28    12.012
   2718.66    12.012
   2720.03    12.010
   2721.40    12.010
   2722.78    12.012
   2724.15    12.012
   2725.52    12.017
   2726.90    12.018
   2728.27    12.013
   2729.64    12.015
   2731.02    12.019
   2732.39    12.017
   2733.76    12.019
   2735.14    12.021
   2736.51    12.020
   2737.88    12.022
   2739.25    12.022
   2740.63    12.027
   2742.00    12.029
   2743.37    12.026
   2744.75    12.023
   2746.12    12.028
   2747.49    12.030
   2748.86    12.032
   2750.24    12.035
   2751.61    12.035
   2752.98    12.033
   2754.36    12.029
   2755.73    12.032
   2757.10    12.034
   2758.48    12.032
   2759.85    12.031
   2761.22    12.039
   2762.59    12.039
   2763.97    12.039
   2765.34    12.038
   2766.71    12.038
   2768.08    12.040
   2769.46    12.041
   2770.83    12.041
   2772.20    12.043
   2773.58    12.039
   2774.95    12.042
   2776.32    12.048
   2777.69    12.047
   2779.07    12.045
   2780.44    12.044
   2781.81    12.044
   2783.19    12.047
   2784.56    12.046
   2785.93    12.047
   2787.30    12.049
   2788.68    12.051
   2790.05    12.053
   2791.42    12.056
   2792.79    12.057
   2794.17    12.063
   2795.54    12.076
   2796.91    12.074
   2798.28    12.060
   2799.66    12.055
   2801.03    12.063
   2802.40    12.073
   2803.77    12.071
   2805.15    12.062
   2806.52    12.059
   2807.89    12.057
   2809.26    12.063
   2810.64    12.065
   2812.01    12.071
   2813.38    12.070
   2814.75    12.068
   2816.12    12.071
   2817.50    12.067
   2818.87    12.066
   2820.24    12.067
   2821.61    12.066
   2822.99    12.068
   2824.36    12.069
   2825.73    12.067
   2827.10    12.063
   2828.48    12.070
   2829.85    12.077
   2831.22    12.076
   2832.59    12.077
   2833.97    12.082
   2835.34    12.080
   2836.71    12.076
   2838.08    12.080
   2839.46    12.084
   2840.83    12.083
   2842.20    12.081
   2843.57    12.080
   2844.94    12.081
   2846.31    12.083
   2847.69    12.087
   2849.06    12.087
   2850.43    12.088
   2851.80    12.085
   2853.18    12.086
   2854.55    12.086
   2855.92    12.088
   2857.29    12.090
   2858.66    12.095
   2860.04    12.096
   2861.41    12.093
   2862.78    12.092
   2864.15    12.089
   2865.52    12.091
   2866.90    12.097
   2868.27    12.095
   2869.64    12.094
   2871.01    12.097
   2872.38    12.099
   2873.76    12.100
   2875.13    12.099
   2876.50    12.096
   2877.87    12.100
   2879.24    12.102
   2880.61    12.102
   2881.99    12.102
   2883.36    12.108
   2884.73    12.109
   2886.10    12.111
   2887.47    12.109
   2888.84    12.105
   2890.22    12.107
   2891.59    12.105
   2892.96    12.107
   2894.33    12.111
   2895.70    12.110
   2897.08    12.110
   2898.45    12.109
   2899.82    12.112
   2901.19    12.111
   2902.56    12.110
   2903.93    12.106
   2905.30    12.110
   2906.68    12.114
   2908.05    12.116
   2909.42    12.113
   2910.79    12.115
   2912.16    12.120
   2913.53    12.118
   2914.91    12.121
   2916.28    12.121
   2917.65    12.116
   2919.02    12.122
   2920.39    12.123
   2921.76    12.126
   2923.14    12.125
   2924.51    12.126
   2925.88    12.127
   2927.25    12.129
   2928.62    12.125
   2929.99    12.127
   2931.36    12.128
   2932.73    12.133
   2934.10    12.130
   2935.48    12.129
   2936.85    12.132
   2938.22    12.133
   2939.59    12.131
   2940.96    12.134
   2942.33    12.135
   2943.70    12.132
   2945.07    12.135
   2946.45    12.137
   2947.82    12.142
   2949.19    12.141
   2950.56    12.141
   2951.93    12.140
   2953.30    12.142
   2954.67    12.141
   2956.04    12.139
   2957.42    12.139
   2958.79    12.141
   2960.16    12.143
   2961.53    12.143
   2962.90    12.143
   2964.27    12.145
   2965.64    12.145
   2967.01    12.147
   2968.38    12.151
   2969.75    12.150
   2971.12    12.149
   2972.50    12.148
   2973.87    12.154
   2975.24    12.155
   2976.61    12.153
   2977.98    12.154
   2979.35    12.158
   2980.72    12.164
   2982.09    12.158
   2983.46    12.155
   2984.83    12.155
   2986.20    12.155
   2987.57    12.155
   2988.95    12.158
   2990.31    12.157
   2991.69    12.160
   2993.06    12.162
   2994.43    12.161
   2995.80    12.162
   2997.17    12.165
   2998.54    12.163
   2999.91    12.162
   3001.28    12.166
   3002.65    12.167
   3004.02    12.166
   3005.39    12.165
   3006.76    12.167
   3008.13    12.172
   3009.50    12.175
   3010.87    12.173
   3012.24    12.172
   3013.61    12.167
   3014.99    12.168
   3016.35    12.172
   3017.73    12.173
   3019.10    12.172
   3020.47    12.175
   3021.84    12.176
   3023.21    12.179
   3024.58    12.176
   3025.95    12.178
   3027.32    12.177
   3028.69    12.176
   3030.06    12.179
   3031.43    12.179
   3032.80    12.182
   3034.17    12.183
   3035.54    12.188
   3036.91    12.184
   3038.28    12.185
   3039.65    12.187
   3041.02    12.185
   3042.39    12.186
   3043.76    12.192
   3045.13    12.187
   3046.50    12.189
   3047.87    12.189
   3049.24    12.190
   3050.61    12.190
   3051.98    12.194
   3053.35    12.193
   3054.72    12.193
   3056.09    12.195
   3057.46    12.199
   3058.83    12.196
   3060.20    12.197
   3061.57    12.200
   3062.94    12.199
   3064.31    12.195
   3065.55    12.189
   3068.29    12.193
   3071.04    12.206
   3073.78    12.198
   3076.53    12.196
   3079.28    12.207
   3082.02    12.204
   3084.77    12.205
   3087.51    12.211
   3090.26    12.211
   3093.01    12.208
   3095.75    12.214
   3098.50    12.212
   3101.25    12.214
   3103.99    12.216
   3106.74    12.220
   3109.49    12.227
   3112.23    12.224
   3114.98    12.219
   3117.72    12.220
   3120.47    12.228
   3123.22    12.227
   3125.96    12.226
   3128.71    12.228
   3131.46    12.232
   3134.20    12.235
   3136.95    12.233
   3139.70    12.239
   3142.44    12.245
   3145.19    12.239
   3147.94    12.241
   3150.68    12.241
   3153.43    12.246
   3156.18    12.252
   3158.92    12.242
   3161.67    12.239
   3164.42    12.237
   3167.16    12.242
   3169.91    12.250
   3172.66    12.253
   3175.40    12.257
   3178.15    12.261
   3180.90    12.259
   3183.64    12.264
   3186.39    12.260
   3189.14    12.266
   3191.88    12.261
   3194.63    12.262
   3197.38    12.264
   3200.12    12.260
   3202.87    12.263
   3205.62    12.261
   3208.37    12.271
   3211.11    12.274
   3213.86    12.275
   3216.61    12.277
   3219.35    12.279
   3222.10    12.282
   3224.85    12.280
   3227.60    12.283
   3230.34    12.277
   3233.09    12.282
   3235.84    12.279
   3238.58    12.280
   3241.33    12.284
   3244.08    12.285
   3246.83    12.291
   3249.57    12.290
   3252.32    12.294
   3255.07    12.300
   3257.82    12.297
   3260.56    12.296
   3263.31    12.299
   3266.06    12.300
   3268.81    12.302
   3271.55    12.307
   3274.30    12.300
   3277.05    12.303
   3279.80    12.308
   3282.54    12.309
   3285.29    12.312
   3288.04    12.308
   3290.79    12.313
   3293.53    12.309
   3296.28    12.315
   3299.03    12.314
   3301.78    12.316
   3304.52    12.317
   3307.27    12.330
   3310.02    12.324
   3312.77    12.321
   3315.52    12.319
   3318.26    12.326
   3321.01    12.336
   3323.76    12.328
   3326.51    12.327
   3329.25    12.327
   3332.00    12.329
   3334.75    12.335
   3337.50    12.331
   3340.25    12.334
   3342.99    12.338
   3345.74    12.338
   3348.49    12.336
   3351.24    12.347
   3353.99    12.342
   3356.73    12.338
   3359.48    12.340
   3362.23    12.352
   3364.98    12.357
   3367.73    12.354
   3370.47    12.347
   3373.22    12.349
   3375.97    12.349
   3378.72    12.346
   3381.47    12.349
   3384.21    12.352
   3386.96    12.354
   3389.71    12.358
   3392.46    12.358
   3395.21    12.366
   3397.96    12.365
   3400.70    12.367
   3403.45    12.363
   3406.20    12.363
   3408.95    12.366
   3411.70    12.367
   3414.45    12.369
   3417.19    12.371
   3419.94    12.375
   3422.69    12.375
   3425.44    12.380
   3428.19    12.376
   3430.94    12.378
   3433.68    12.379
   3436.43    12.377
   3439.18    12.377
   3441.93    12.376
   3444.68    12.388
   3447.43    12.394
   3450.17    12.397
   3452.92    12.390
   3455.67    12.395
   3458.42    12.392
   3461.17    12.397
   3463.92    12.397
   3466.67    12.398
   3469.41    12.397
   3472.16    12.400
   3474.91    12.401
   3477.66    12.399
   3480.41    12.405
   3483.16    12.402
   3485.91    12.407
   3488.65    12.414
   3491.40    12.419
   3494.15    12.422
   3496.90    12.428
   3499.65    12.424
   3502.40    12.421
   3505.15    12.428
   3507.89    12.432
   3510.64    12.431
   3513.39    12.429
   3516.14    12.429
   3518.89    12.424
   3521.64    12.420
   3524.39    12.431
   3527.14    12.422
   3529.88    12.425
   3532.63    12.431
   3535.38    12.435
   3538.13    12.429
   3540.88    12.432
   3543.63    12.435
   3546.38    12.432
   3549.13    12.433
   3551.88    12.438
   3554.62    12.439
   3557.37    12.439
   3560.12    12.438
   3562.87    12.439
   3565.62    12.438
   3568.37    12.443
   3571.12    12.441
   3573.87    12.445
   3576.62    12.446
   3579.36    12.451
   3582.11    12.450
   3584.86    12.453
   3587.61    12.455
   3590.36    12.455
   3593.11    12.451
   3595.86    12.456
   3598.61    12.457
   3601.36    12.457
   3604.11    12.460
   3606.85    12.462
   3609.60    12.461
   3612.35    12.469
   3615.10    12.466
   3617.85    12.470
   3620.60    12.479
   3623.35    12.472
   3626.10    12.472
   3628.85    12.470
   3631.60    12.469
   3634.35    12.476
   3637.10    12.473
   3639.84    12.477
   3642.59    12.482
   3645.34    12.486
   3648.09    12.478
   3650.84    12.482
   3653.59    12.477
   3656.34    12.485
   3659.09    12.485
   3661.84    12.483
   3664.59    12.491
   3667.34    12.497
   3670.09    12.491
   3672.84    12.491
   3675.59    12.488
   3678.33    12.495
   3681.08    12.489
   3683.83    12.495
   3686.58    12.498
   3689.33    12.499
   3692.08    12.500
   3694.83    12.507
   3697.58    12.506
   3700.33    12.506
   3703.08    12.513
   3705.83    12.516
   3708.58    12.520
   3711.33    12.518
   3714.08    12.509
   3716.83    12.507
   3719.58    12.510
   3722.33    12.511
   3725.07    12.515
   3727.82    12.520
   3730.57    12.531
   3733.32    12.524
   3736.07    12.522
   3738.82    12.523
   3741.57    12.527
   3744.32    12.533
   3747.07    12.532
   3749.82    12.528
   3752.57    12.525
   3755.32    12.533
   3758.07    12.527
   3760.82    12.529
   3763.57    12.539
   3766.32    12.545
   3769.07    12.540
   3771.82    12.540
   3774.57    12.541
   3777.32    12.544
   3780.07    12.542
   3782.81    12.542
   3785.56    12.534
   3788.31    12.535
   3791.06    12.538
   3793.81    12.543
   3796.56    12.548
   3799.31    12.553
   3802.06    12.552
   3804.81    12.544
   3807.56    12.544
   3810.31    12.552
   3813.06    12.545
   3815.81    12.549
   3818.56    12.556
   3821.31    12.556
   3824.06    12.560
   3826.81    12.567
   3829.56    12.573
   3832.31    12.575
   3835.06    12.568
   3837.81    12.570
   3840.56    12.567
   3843.31    12.560
   3846.06    12.556
   3848.81    12.561
   3851.56    12.552
   3854.31    12.545
   3857.06    12.550
   3859.80    12.553
   3862.55    12.552
   3865.30    12.554
   3868.05    12.560
   3870.80    12.561
   3873.55    12.572
   3876.30    12.578
   3879.05    12.592
   3881.80    12.602
   3884.55    12.615
   3887.30    12.626
   3890.05    12.637
   3892.80    12.624
   3895.55    12.609
   3898.30    12.599
   3901.05    12.592
   3903.80    12.580
   3906.55    12.575
   3909.30    12.561
   3912.05    12.554
   3914.80    12.548
   3917.55    12.544
   3920.30    12.542
   3923.05    12.536
   3925.80    12.544
   3928.55    12.541
   3931.30    12.541
   3934.05    12.547
   3936.80    12.548
   3939.55    12.553
   3942.30    12.559
   3945.05    12.572
   3947.80    12.590
   3950.55    12.600
   3953.30    12.616
   3956.05    12.635
   3958.80    12.655
   3961.55    12.678
   3964.30    12.707
   3967.05    12.721
   3969.80    12.742
   3972.55    12.745
   3975.30    12.723
   3978.04    12.699
   3980.79    12.677
   3983.54    12.654
   3986.29    12.640
   3989.04    12.626
   3991.79    12.613
   3994.54    12.596
   3997.29    12.585
   4000.04    12.571
   4002.79    12.563
   4005.54    12.560
   4008.29    12.548
   4011.04    12.542
   4013.79    12.540
   4016.54    12.534
   4019.29    12.530
   4022.04    12.527
   4024.79    12.526
   4027.54    12.525
   4030.29    12.522
   4033.04    12.524
   4035.79    12.532
   4038.54    12.537
   4041.29    12.532
   4044.04    12.534
   4046.79    12.535
   4049.54    12.547
   4052.29    12.548
   4055.04    12.551
   4057.79    12.557
   4060.54    12.562
   4063.29    12.570
   4066.04    12.589
   4068.79    12.597
   4071.54    12.608
   4074.29    12.620
   4077.04    12.632
   4079.79    12.655
   4082.54    12.674
   4085.29    12.696
   4088.04    12.720
   4090.79    12.748
   4093.54    12.784
   4096.29    12.821
   4099.04    12.863
   4101.79    12.887
   4104.54    12.883
   4107.29    12.855
   4110.04    12.823
   4112.79    12.792
   4115.54    12.758
   4118.29    12.727
   4121.04    12.701
   4123.79    12.680
   4126.53    12.662
   4129.28    12.653
   4132.03    12.633
   4134.78    12.616
   4137.53    12.607
   4140.28    12.603
   4143.03    12.602
   4145.78    12.593
   4148.53    12.586
   4151.28    12.579
   4154.03    12.576
   4156.78    12.576
   4159.53    12.576
   4162.28    12.571
   4165.03    12.562
   4167.78    12.563
   4170.53    12.558
   4173.28    12.557
   4176.03    12.556
   4178.78    12.562
   4181.53    12.563
   4184.28    12.558
   4187.03    12.554
   4189.78    12.556
   4192.53    12.559
   4195.28    12.560
   4198.03    12.562
   4200.78    12.562
   4203.53    12.558
   4206.27    12.560
   4209.02    12.564
   4211.77    12.563
   4214.52    12.565
   4217.27    12.566
   4220.02    12.569
   4222.77    12.573
   4225.52    12.571
   4228.27    12.570
   4231.02    12.571
   4233.77    12.575
   4236.52    12.580
   4239.27    12.578
   4242.02    12.574
   4244.77    12.574
   4247.52    12.581
   4250.27    12.589
   4253.02    12.594
   4255.77    12.596
   4258.52    12.596
   4261.27    12.589
   4264.02    12.590
   4266.77    12.595
   4269.52    12.595
   4272.27    12.600
   4275.02    12.608
   4277.77    12.610
   4280.51    12.615
   4283.26    12.619
   4286.01    12.628
   4288.76    12.634
   4291.51    12.636
   4294.26    12.642
   4297.01    12.652
   4299.76    12.660
   4302.51    12.666
   4305.26    12.680
   4308.01    12.694
   4310.76    12.707
   4313.51    12.726
   4316.26    12.740
   4319.01    12.760
   4321.76    12.786
   4324.50    12.807
   4327.25    12.840
   4330.00    12.883
   4332.75    12.921
   4335.50    12.962
   4338.25    13.011
   4341.00    13.051
   4343.75    13.032
   4346.50    12.992
   4349.25    12.945
   4352.00    12.906
   4354.75    12.871
   4357.50    12.838
   4360.25    12.817
   4363.00    12.792
   4365.75    12.766
   4368.49    12.751
   4371.24    12.744
   4373.99    12.729
   4376.74    12.722
   4379.49    12.710
   4382.24    12.705
   4384.99    12.696
   4387.74    12.689
   4390.49    12.674
   4393.24    12.679
   4395.99    12.675
   4398.74    12.674
   4401.48    12.666
   4404.23    12.667
   4406.98    12.659
   4409.73    12.661
   4412.48    12.657
   4415.23    12.650
   4417.98    12.655
   4420.73    12.658
   4423.48    12.658
   4426.23    12.655
   4428.98    12.651
   4431.73    12.658
   4434.47    12.656
   4437.22    12.665
   4439.97    12.663
   4442.72    12.657
   4445.47    12.654
   4448.22    12.649
   4450.97    12.652
   4453.72    12.653
   4456.47    12.659
   4459.21    12.660
   4461.96    12.659
   4464.71    12.661
   4467.46    12.663
   4470.21    12.668
   4472.96    12.663
   4475.71    12.663
   4478.46    12.666
   4481.21    12.671
   4483.96    12.671
   4486.70    12.673
   4489.45    12.668
   4492.20    12.665
   4494.95    12.666
   4497.70    12.672
   4500.45    12.672
   4503.20    12.675
   4505.95    12.677
   4508.69    12.682
   4511.44    12.679
   4514.19    12.681
   4516.94    12.673
   4519.69    12.672
   4522.44    12.670
   4525.19    12.678
   4527.94    12.677
   4530.68    12.684
   4533.43    12.682
   4536.18    12.684
   4538.93    12.683
   4541.68    12.684
   4544.43    12.690
   4547.18    12.697
   4549.92    12.697
   4552.67    12.695
   4555.42    12.696
   4558.17    12.689
   4560.92    12.698
   4563.67    12.696
   4566.42    12.695
   4569.16    12.701
   4571.91    12.698
   4574.66    12.699
   4577.41    12.701
   4580.16    12.701
   4582.91    12.702
   4585.65    12.706
   4588.40    12.705
   4591.15    12.705
   4593.90    12.710
   4596.65    12.707
   4599.40    12.708
   4602.15    12.712
   4604.89    12.713
   4607.64    12.714
   4610.39    12.724
   4613.14    12.728
   4615.89    12.725
   4618.63    12.718
   4621.38    12.712
   4624.13    12.719
   4626.88    12.720
   4629.63    12.723
   4632.38    12.726
   4635.12    12.722
   4637.87    12.724
   4640.62    12.723
   4643.37    12.723
   4646.12    12.729
   4648.86    12.730
   4651.61    12.727
   4654.36    12.736
   4657.11    12.736
   4659.86    12.742
   4662.60    12.744
   4665.35    12.740
   4668.10    12.748
   4670.85    12.742
   4673.60    12.748
   4676.34    12.743
   4679.09    12.747
   4681.84    12.750
   4684.59    12.744
   4687.33    12.744
   4690.08    12.746
   4692.83    12.754
   4695.58    12.757
   4698.33    12.755
   4701.08    12.751
   4703.82    12.756
   4706.57    12.760
   4709.32    12.766
   4712.06    12.759
   4714.81    12.756
   4717.56    12.759
   4720.31    12.768
   4723.06    12.771
   4725.80    12.771
   4728.55    12.769
   4731.30    12.770
   4734.05    12.771
   4736.79    12.769
   4739.54    12.770
   4742.29    12.775
   4745.04    12.778
   4747.78    12.779
   4750.53    12.777
   4753.28    12.780
   4756.03    12.784
   4758.77    12.789
   4761.52    12.790
   4764.27    12.785
   4767.02    12.793
   4769.76    12.792
   4772.51    12.797
   4775.26    12.813
   4778.01    12.810
   4780.75    12.806
   4783.50    12.812
   4786.25    12.811
   4789.00    12.810
   4791.74    12.818
   4794.49    12.819
   4797.24    12.830
   4799.98    12.835
   4802.73    12.833
   4805.48    12.846
   4808.23    12.849
   4810.97    12.851
   4813.72    12.856
   4816.47    12.860
   4819.21    12.864
   4821.96    12.872
   4824.71    12.880
   4827.45    12.893
   4830.20    12.903
   4832.95    12.914
   4835.69    12.932
   4838.44    12.949
   4841.19    12.969
   4843.94    12.994
   4846.68    13.014
   4849.43    13.046
   4852.18    13.088
   4854.92    13.128
   4857.67    13.172
   4860.42    13.213
   4863.16    13.232
   4865.91    13.199
   4868.66    13.161
   4871.40    13.120
   4874.15    13.088
   4876.90    13.053
   4879.64    13.028
   4882.39    13.001
   4885.14    12.984
   4887.88    12.967
   4890.63    12.949
   4893.38    12.936
   4896.12    12.926
   4898.87    12.919
   4901.62    12.909
   4904.36    12.899
   4907.11    12.896
   4909.85    12.891
   4912.60    12.889
   4915.35    12.884
   4918.09    12.880
   4920.84    12.872
   4923.58    12.875
   4926.33    12.876
   4929.08    12.868
   4931.82    12.874
   4934.57    12.875
   4937.32    12.869
   4940.06    12.865
   4942.81    12.865
   4945.56    12.864
   4948.30    12.862
   4951.05    12.864
   4953.79    12.862
   4956.54    12.861
   4959.29    12.866
   4962.03    12.869
   4964.78    12.867
   4967.52    12.864
   4970.27    12.863
   4973.02    12.860
   4975.76    12.867
   4978.51    12.868
   4981.25    12.871
   4984.00    12.869
   4986.74    12.869
   4989.49    12.869
   4992.23    12.870
   4994.98    12.874
   4997.73    12.873
   5000.47    12.866
   5003.22    12.869
   5005.96    12.871
   5008.71    12.873
   5011.46    12.874
   5014.20    12.879
   5016.95    12.879
   5019.69    12.872
   5022.44    12.873
   5025.18    12.882
   5027.93    12.881
   5030.67    12.882
   5033.42    12.879
   5036.16    12.877
   5038.91    12.882
   5041.65    12.882
   5044.40    12.889
   5047.15    12.895
   5049.89    12.888
   5052.63    12.885
   5055.38    12.890
   5058.12    12.895
   5060.87    12.892
   5063.62    12.895
   5066.36    12.894
   5069.11    12.893
   5071.85    12.888
   5074.60    12.894
   5077.34    12.893
   5080.08    12.892
   5082.83    12.903
   5085.58    12.907
   5088.32    12.907
   5091.06    12.907
   5093.81    12.898
   5096.56    12.900
   5099.30    12.904
   5102.04    12.913
   5104.79    12.914
   5107.53    12.908
   5110.28    12.903
   5113.02    12.902
   5115.77    12.912
   5118.51    12.912
   5121.26    12.916
   5124.00    12.911
   5126.75    12.909
   5129.49    12.911
   5132.23    12.916
   5134.98    12.915
   5137.72    12.915
   5140.47    12.917
   5143.21    12.921
   5145.96    12.922
   5148.70    12.926
   5151.44    12.920
   5154.19    12.918
   5156.93    12.926
   5159.68    12.925
   5162.42    12.926
   5165.17    12.938
   5167.91    12.939
   5170.65    12.931
   5173.40    12.928
   5176.14    12.929
   5178.89    12.927
   5181.63    12.932
   5184.38    12.940
   5187.12    12.941
   5189.86    12.940
   5192.61    12.937
   5195.35    12.943
   5198.09    12.934
   5200.84    12.941
   5203.58    12.940
   5206.33    12.939
   5209.07    12.942
   5211.81    12.945
   5214.56    12.942
   5217.30    12.941
   5220.04    12.950
   5222.79    12.958
   5225.53    12.949
   5228.27    12.952
   5231.02    12.959
   5233.76    12.955
   5236.50    12.947
   5239.25    12.953
   5241.99    12.963
   5244.73    12.961
   5247.48    12.958
   5250.22    12.957
   5252.96    12.962
   5255.71    12.964
   5258.45    12.965
   5261.19    12.965
   5263.94    12.966
   5266.68    12.966
   5269.42    12.964
   5272.17    12.963
   5274.91    12.966
   5277.65    12.973
   5280.40    12.975
   5283.14    12.979
   5285.88    12.972
   5288.62    12.970
   5291.37    12.971
   5294.11    12.973
   5296.85    12.986
   5299.60    12.978
   5302.34    12.971
   5305.08    12.974
   5307.82    12.979
   5310.57    12.986
   5313.31    12.978
   5316.05    12.981
   5318.79    12.983
   5321.54    12.990
   5324.28    12.988
   5327.02    12.991
   5329.76    12.990
   5332.51    12.992
   5335.25    12.997
   5337.99    12.990
   5340.73    12.985
   5343.48    12.986
   5346.22    12.987
   5348.96    12.994
   5351.70    13.004
   5354.44    12.991
   5357.19    12.994
   5359.93    12.996
   5362.67    13.001
   5365.41    13.002
   5368.15    12.994
   5370.90    12.999
   5373.64    12.996
   5376.38    13.005
   5379.12    13.008
   5381.86    13.006
   5384.60    13.005
   5387.35    13.007
   5390.09    13.010
   5392.83    13.011
   5395.57    13.007
   5398.31    13.004
   5401.06    13.010
   5403.80    13.013
   5406.54    13.014
   5409.28    13.017
   5412.02    13.019
   5414.76    13.018
   5417.50    13.015
   5420.25    13.017
   5422.99    13.026
   5425.73    13.022
   5428.47    13.028
   5431.21    13.027
   5433.95    13.018
   5436.69    13.026
   5439.44    13.025
   5442.18    13.028
   5444.92    13.022
   5447.66    13.022
   5453.46    13.033
   5458.33    13.034
   5463.20    13.038
   5468.07    13.036
   5472.94    13.035
   5477.81    13.038
   5482.68    13.040
   5487.55    13.037
   5492.42    13.042
   5497.30    13.042
   5502.17    13.046
   5507.04    13.047
   5511.91    13.049
   5516.78    13.049
   5521.65    13.052
   5526.52    13.054
   5531.40    13.053
   5536.27    13.054
   5541.14    13.057
   5546.01    13.061
   5550.88    13.065
   5555.75    13.062
   5560.62    13.064
   5565.50    13.067
   5570.37    13.071
   5575.24    13.074
   5580.11    13.074
   5584.98    13.078
   5589.85    13.076
   5594.73    13.077
   5599.60    13.083
   5604.47    13.084
   5609.34    13.087
   5614.22    13.087
   5619.09    13.085
   5623.96    13.088
   5628.83    13.089
   5633.71    13.085
   5638.58    13.094
   5643.45    13.099
   5648.32    13.095
   5653.20    13.098
   5658.07    13.099
   5662.94    13.101
   5667.81    13.103
   5672.69    13.103
   5677.56    13.106
   5682.43    13.106
   5687.31    13.105
   5692.18    13.110
   5697.05    13.117
   5701.93    13.116
   5706.80    13.114
   5711.67    13.117
   5716.55    13.120
   5721.42    13.121
   5726.29    13.123
   5731.17    13.125
   5736.04    13.123
   5740.92    13.124
   5745.79    13.125
   5750.66    13.127
   5755.54    13.130
   5760.41    13.137
   5765.28    13.136
   5770.16    13.142
   5775.03    13.139
   5779.90    13.141
   5784.78    13.139
   5789.65    13.142
   5794.53    13.145
   5799.40    13.145
   5804.28    13.146
   5809.15    13.149
   5814.02    13.151
   5818.90    13.154
   5823.77    13.151
   5828.65    13.155
   5833.52    13.157
   5838.40    13.161
   5843.27    13.165
   5848.15    13.164
   5853.02    13.164
   5857.90    13.165
   5862.77    13.165
   5867.65    13.167
   5872.52    13.171
   5877.40    13.168
   5882.27    13.173
   5887.15    13.175
   5892.02    13.174
   5896.90    13.180
   5901.77    13.181
   5906.65    13.184
   5911.52    13.186
   5916.40    13.184
   5921.27    13.185
   5926.15    13.185
   5931.02    13.188
   5935.90    13.194
   5940.77    13.197
   5945.65    13.195
   5950.52    13.196
   5955.40    13.196
   5960.28    13.199
   5965.15    13.201
   5970.03    13.202
   5974.90    13.201
   5979.78    13.206
   5984.66    13.209
   5989.53    13.211
   5994.41    13.217
   5999.28    13.210
   6004.16    13.214
   6009.04    13.215
   6013.91    13.219
   6018.79    13.221
   6023.67    13.217
   6028.54    13.219
   6033.42    13.226
   6038.29    13.227
   6043.17    13.224
   6048.05    13.226
   6052.92    13.227
   6057.80    13.231
   6062.68    13.228
   6067.55    13.233
   6072.43    13.235
   6077.31    13.237
   6082.18    13.237
   6087.06    13.239
   6091.94    13.242
   6096.81    13.246
   6101.69    13.246
   6106.57    13.245
   6111.45    13.245
   6116.32    13.250
   6121.20    13.251
   6126.08    13.252
   6130.96    13.252
   6135.83    13.251
   6140.71    13.255
   6145.59    13.255
   6150.46    13.258
   6155.34    13.260
   6160.22    13.261
   6165.10    13.261
   6169.97    13.266
   6174.85    13.270
   6179.73    13.272
   6184.61    13.275
   6189.48    13.273
   6194.36    13.273
   6199.24    13.273
   6204.12    13.274
   6209.00    13.280
   6213.87    13.279
   6218.75    13.282
   6223.63    13.282
   6228.51    13.281
   6233.38    13.284
   6238.26    13.287
   6243.14    13.287
   6248.02    13.290
   6252.90    13.293
   6257.77    13.293
   6262.65    13.295
   6267.53    13.298
   6272.41    13.302
   6277.29    13.297
   6282.17    13.294
   6287.05    13.299
   6291.92    13.304
   6296.80    13.305
   6301.68    13.302
   6306.56    13.300
   6311.44    13.303
   6316.32    13.314
   6321.20    13.319
   6326.08    13.329
   6330.95    13.334
   6335.83    13.333
   6340.71    13.333
   6345.59    13.331
   6350.47    13.331
   6355.35    13.327
   6360.23    13.330
   6365.10    13.328
   6369.98    13.329
   6374.86    13.332
   6379.74    13.333
   6384.62    13.337
   6389.50    13.340
   6394.38    13.341
   6399.26    13.340
   6404.14    13.341
   6409.02    13.346
   6413.90    13.348
   6418.78    13.349
   6423.66    13.349
   6428.54    13.350
   6433.42    13.353
   6438.29    13.359
   6443.17    13.359
   6448.05    13.357
   6452.93    13.357
   6457.81    13.362
   6462.69    13.364
   6467.57    13.371
   6472.45    13.374
   6477.33    13.373
   6482.21    13.378
   6487.09    13.385
   6491.97    13.387
   6496.85    13.383
   6501.73    13.391
   6506.61    13.398
   6511.49    13.406
   6516.37    13.418
   6521.25    13.430
   6526.13    13.441
   6531.01    13.458
   6535.89    13.474
   6540.77    13.491
   6545.65    13.523
   6550.53    13.557
   6555.41    13.600
   6560.29    13.642
   6565.17    13.664
   6570.05    13.635
   6574.94    13.600
   6579.81    13.561
   6584.69    13.529
   6589.58    13.509
   6594.46    13.485
   6599.34    13.465
   6604.22    13.456
   6609.10    13.447
   6613.98    13.446
   6618.86    13.437
   6623.74    13.432
   6628.62    13.433
   6633.50    13.432
   6638.38    13.430
   6643.26    13.430
   6648.14    13.431
   6653.02    13.430
   6657.91    13.429
   6662.79    13.428
   6667.67    13.428
   6672.55    13.425
   6677.43    13.429
   6682.31    13.428
   6687.19    13.430
   6692.07    13.430
   6696.95    13.430
   6701.83    13.433
   6706.72    13.433
   6711.60    13.435
   6716.48    13.436
   6721.36    13.433
   6726.24    13.436
   6731.12    13.441
   6736.00    13.441
   6740.89    13.445
   6745.77    13.444
   6750.65    13.440
   6755.53    13.443
   6760.41    13.448
   6765.29    13.450
   6770.17    13.449
   6775.06    13.450
   6779.94    13.451
   6784.82    13.454
   6789.70    13.452
   6794.58    13.456
   6799.46    13.462
   6804.35    13.463
   6809.23    13.459
   6814.11    13.459
   6818.99    13.463
   6823.87    13.464
   6828.75    13.466
   6833.64    13.466
   6838.52    13.470
   6843.40    13.469
   6848.28    13.473
   6853.16    13.472
   6858.05    13.474
   6862.93    13.480
   6867.81    13.482
   6872.69    13.481
   6877.57    13.480
   6882.46    13.481
   6887.34    13.479
   6892.22    13.482
   6897.10    13.481
   6901.98    13.483
   6906.87    13.486
   6911.75    13.486
   6916.63    13.489
   6921.51    13.489
   6926.40    13.491
   6931.28    13.493
   6936.16    13.494
   6941.04    13.493
   6945.92    13.497
   6950.81    13.502
   6955.69    13.501
   6960.57    13.503
   6965.46    13.503
   6970.34    13.502
   6975.22    13.498
   6980.10    13.502
   6984.98    13.504
   6989.87    13.507
   6994.75    13.510
   6999.63    13.512
   7004.52    13.512
   7009.40    13.519
   7014.28    13.522
   7019.16    13.522
   7024.04    13.522
   7028.93    13.523
   7033.81    13.522
   7038.69    13.524
   7043.58    13.523
   7048.46    13.522
   7053.34    13.522
   7058.23    13.529
   7063.11    13.527
   7067.99    13.530
   7072.87    13.530
   7077.76    13.532
   7082.64    13.537
   7087.52    13.538
   7092.40    13.539
   7097.29    13.540
   7102.17    13.542
   7107.05    13.537
   7111.94    13.543
   7116.82    13.542
   7121.70    13.545
   7126.59    13.547
   7131.47    13.550
   7136.35    13.549
   7141.23    13.552
   7146.12    13.551
   7151.00    13.551
   7155.88    13.553
   7160.77    13.554
   7165.65    13.556
   7170.54    13.555
   7175.42    13.561
   7180.30    13.561
   7185.19    13.565
   7190.07    13.564
   7194.95    13.564
   7199.83    13.569
   7204.72    13.571
   7209.60    13.569
   7214.48    13.570
   7219.37    13.568
   7224.25    13.572
   7229.13    13.579
   7234.02    13.578
   7238.90    13.578
   7243.79    13.578
   7248.67    13.572
   7253.55    13.580
   7258.44    13.589
   7263.32    13.587
   7268.20    13.583
   7273.09    13.588
   7277.97    13.588
   7282.85    13.586
   7287.74    13.591
   7292.62    13.594
   7297.50    13.598
   7302.39    13.594
   7307.27    13.597
   7312.15    13.600
   7317.04    13.600
   7321.92    13.602
   7326.81    13.599
   7331.69    13.601
   7336.57    13.602
   7341.46    13.607
   7346.34    13.608
   7351.22    13.605
   7356.11    13.610
   7360.99    13.610
   7365.88    13.613
   7370.76    13.613
   7375.64    13.611
   7380.53    13.611
   7385.41    13.615
   7390.29    13.615
   7395.18    13.619
   7400.06    13.626
   7404.95    13.624
   7409.83    13.623
   7414.71    13.628
   7419.60    13.629
   7424.48    13.629
   7429.37    13.627
   7434.25    13.628
   7439.13    13.630
   7444.02    13.634
   7448.90    13.638
   7453.79    13.637
   7458.67    13.635
   7463.55    13.636
   7468.44    13.630
   7473.32    13.637
   7478.21    13.644
   7483.09    13.645
   7487.97    13.646
   7492.86    13.650
   7497.74    13.654
   7502.62    13.653
   7507.51    13.652
   7512.39    13.649
   7517.28    13.648
   7522.16    13.650
   7527.04    13.655
   7531.93    13.659
   7536.81    13.662
   7541.70    13.660
   7546.58    13.657
   7551.47    13.658
   7556.35    13.662
   7561.23    13.664
   7566.12    13.662
   7571.00    13.669
   7575.89    13.670
   7580.77    13.670
   7585.65    13.671
   7590.54    13.674
   7595.42    13.674
   7600.31    13.675
   7605.19    13.675
   7610.08    13.674
   7614.96    13.679
   7619.85    13.683
   7624.73    13.682
   7629.61    13.681
   7634.50    13.686
   7639.38    13.689
   7644.27    13.692
   7649.15    13.681
   7654.03    13.682
   7658.92    13.688
   7663.80    13.691
   7668.69    13.694
   7673.57    13.694
   7678.46    13.691
   7683.34    13.692
   7688.22    13.693
   7693.11    13.699
   7697.99    13.698
   7702.88    13.700
   7707.76    13.704
   7712.65    13.702
   7717.53    13.702
   7722.42    13.704
   7727.30    13.706
   7732.18    13.703
   7737.07    13.707
   7741.95    13.712
   7746.84    13.711
   7751.72    13.713
   7756.60    13.715
   7761.49    13.713
   7766.37    13.718
   7771.26    13.712
   7776.14    13.716
   7781.03    13.718
   7785.91    13.717
   7790.79    13.725
   7795.68    13.724
   7800.56    13.723
   7805.45    13.727
   7810.33    13.724
   7815.22    13.728
   7820.10    13.728
   7824.98    13.734
   7829.87    13.729
   7834.75    13.731
   7839.64    13.732
   7844.52    13.734
   7849.41    13.740
   7854.29    13.739
   7859.18    13.742
   7864.06    13.739
   7868.94    13.743
   7873.83    13.740
   7878.71    13.741
   7883.60    13.751
   7888.48    13.753
   7893.37    13.743
   7898.25    13.746
   7903.13    13.748
   7908.02    13.754
   7912.90    13.754
   7917.79    13.759
   7922.67    13.759
   7927.56    13.762
   7932.44    13.764
   7937.33    13.764
   7942.21    13.758
   7947.09    13.760
   7951.98    13.767
   7956.86    13.765
   7961.75    13.761
   7966.63    13.768
   7971.52    13.774
   7976.40    13.774
   7981.29    13.767
   7986.17    13.766
   7991.05    13.774
   7995.94    13.785
   8000.82    13.783
   8005.71    13.783
   8010.59    13.777
   8015.48    13.776
   8020.36    13.773
   8025.24    13.777
   8030.13    13.775
   8035.01    13.785
   8039.90    13.785
   8044.78    13.789
   8049.67    13.795
   8054.55    13.795
   8059.43    13.794
   8064.32    13.792
   8069.20    13.791
   8074.09    13.793
   8078.97    13.798
   8083.85    13.803
   8088.74    13.800
   8093.62    13.797
   8098.51    13.800
   8103.39    13.803
   8108.27    13.806
   8113.16    13.806
   8118.04    13.807
   8122.93    13.810
   8127.81    13.811
   8132.70    13.812
   8137.58    13.810
   8142.46    13.813
   8147.35    13.812
   8152.23    13.812
   8157.12    13.809
   8162.00    13.810
   8166.88    13.810
   8171.77    13.813
   8176.65    13.819
   8181.54    13.828
   8186.42    13.828
   8191.31    13.827
   8196.19    13.829
   8201.07    13.828
   8205.96    13.828
   8210.84    13.826
   8215.73    13.825
   8220.61    13.829
   8225.49    13.832
   8230.38    13.840
   8235.26    13.843
   8240.15    13.839
   8245.03    13.836
   8249.91    13.839
   8254.80    13.837
   8259.68    13.841
   8264.57    13.843
   8269.45    13.846
   8274.33    13.845
   8279.22    13.842
   8284.10    13.845
   8288.99    13.848
   8293.87    13.850
   8298.75    13.855
   8303.64    13.860
   8308.52    13.857
   8313.41    13.854
   8318.29    13.853
   8323.17    13.849
   8328.06    13.856
   8332.94    13.855
   8337.82    13.857
   8342.71    13.865
   8347.59    13.862
   8352.48    13.873
   8357.36    13.873
   8362.24    13.864
   8367.13    13.863
   8372.01    13.865
   8376.89    13.867
   8381.78    13.869
   8386.66    13.868
   8391.55    13.872
   8396.43    13.880
   8401.31    13.884
   8406.20    13.886
   8411.08    13.879
   8415.96    13.886
   8420.85    13.880
   8425.73    13.883
   8430.61    13.891
   8435.50    13.881
   8440.38    13.884
   8445.26    13.890
   8450.15    13.909
   8455.03    13.902
   8459.92    13.897
   8464.80    13.887
   8469.68    13.883
   8474.57    13.887
   8479.45    13.891
   8484.33    13.893
   8489.22    13.895
   8494.10    13.887
   8498.98    13.896
   8503.87    13.903
   8508.75    13.907
   8513.63    13.908
   8518.52    13.908
   8523.40    13.913
   8528.28    13.908
   8533.17    13.910
   8538.05    13.910
   8542.93    13.914
   8547.82    13.910
   8552.70    13.915
   8557.58    13.917
   8562.47    13.913
   8567.35    13.907
   8572.23    13.909
   8577.11    13.911
   8582.00    13.917
   8586.88    13.919
   8591.76    13.934
   8596.65    13.945
   8601.53    13.938
   8606.41    13.931
   8611.30    13.928
   8616.18    13.934
   8621.06    13.923
   8625.95    13.928
   8630.83    13.926
   8635.71    13.931
   8640.59    13.932
   8645.48    13.934
   8650.36    13.944
   8655.24    13.947
   8660.12    13.945
   8665.01    13.953
   8669.89    13.946
   8674.77    13.940
   8679.66    13.943
   8684.54    13.939
   8689.42    13.947
   8694.30    13.942
   8699.19    13.942
   8704.07    13.940
   8708.95    13.941
   8713.83    13.951
   8718.72    13.949
   8723.60    13.949
   8728.48    13.957
   8733.37    13.957
   8738.25    13.950
   8743.13    13.957
   8748.01    13.954
   8752.89    13.951
   8757.78    13.953
   8762.66    13.956
   8767.54    13.957
   8772.42    13.959
   8777.31    13.964
   8782.19    13.967
   8787.07    13.974
   8791.95    13.971
   8796.84    13.977
   8801.72    13.971
   8806.60    13.965
   8811.48    13.964
   8816.36    13.971
   8821.25    13.975
   8826.13    13.983
   8831.01    13.981
   8835.89    13.979
   8840.78    13.974
   8845.66    13.968
   8850.54    13.974
   8855.42    13.976
   8860.30    13.976
   8865.18    13.989
   8870.07    13.983
   8874.95    13.986
   8879.83    13.995
   8884.71    13.985
   8889.59    13.984
   8894.48    13.990
   8899.36    13.993
   8904.24    13.993
   8909.12    13.991
   8914.00    13.991
   8918.88    13.987
   8923.77    13.990
   8928.65    13.995
   8933.53    14.002
   8938.41    14.005
   8943.29    14.007
   8948.17    14.002
   8953.06    14.004
   8957.94    14.002
   8962.82    14.009
   8967.70    14.003
   8972.58    14.016
   8977.46    14.015
   8982.34    14.012
   8987.22    14.012
   8992.11    14.009
   8996.99    14.008
   9001.87    14.017
   9006.75    14.024
   9011.63    14.020
   9016.51    14.010
   9021.39    14.020
   9026.27    14.015
   9031.16    14.011
   9036.04    14.018
   9040.92    14.026
   9045.80    14.028
   9050.68    14.032
   9055.56    14.028
   9060.44    14.025
   9065.32    14.017
   9070.20    14.017
   9075.08    14.016
   9079.96    14.029
   9084.84    14.025
   9089.73    14.032
   9094.61    14.031
   9099.49    14.034
   9104.37    14.037
   9109.25    14.036
   9114.13    14.037
   9119.01    14.041
   9123.89    14.042
   9128.77    14.041
   9133.65    14.046
   9138.53    14.045
   9143.41    14.038
   9148.29    14.038
   9153.17    14.040
   9158.05    14.053
   9162.93    14.055
   9167.81    14.060
   9172.69    14.063
   9177.57    14.060
   9182.45    14.058
   9187.33    14.054
   9192.21    14.050
   9197.09    14.051
   9201.97    14.058
   9206.85    14.063
   9211.73    14.072
   9216.61    14.078
   9221.49    14.081
   9226.37    14.078
   9231.25    14.069
   9236.13    14.065
   9241.01    14.073
   9245.89    14.076
   9250.77    14.079
   9255.65    14.070
   9260.53    14.073
   9265.41    14.072
   9270.29    14.068
   9275.17    14.077
   9280.05    14.084
   9284.93    14.081
   9289.81    14.091
   9294.69    14.080
   9299.57    14.057
   9304.45    14.068
   9309.33    14.073
   9314.21    14.077
   9319.08    14.086
   9323.96    14.083
   9328.84    14.086
   9333.72    14.082
   9338.60    14.076
   9343.48    14.080
   9348.36    14.079
   9353.24    14.079
   9358.12    14.080
   9363.00    14.084
   9367.88    14.096
   9372.75    14.081
   9377.63    14.077
   9382.51    14.075
   9387.39    14.081
   9392.27    14.092
   9397.15    14.089
   9402.03    14.087
   9406.91    14.104
   9411.78    14.101
   9416.66    14.101
   9421.54    14.099
   9426.42    14.113
   9431.30    14.107
   9436.18    14.105
   9441.05    14.106
   9445.93    14.100
   9450.81    14.110
   9455.69    14.115
   9460.57    14.120
   9465.45    14.119
   9470.32    14.114
   9475.20    14.112
   9480.08    14.110
   9484.96    14.123
   9489.84    14.129
   9494.71    14.136
   9499.59    14.132
   9504.47    14.132
   9509.35    14.128
   9514.23    14.132
   9519.10    14.131
   9523.98    14.145
   9528.86    14.146
   9533.74    14.151
   9538.61    14.158
   9543.49    14.156
   9548.37    14.160
   9553.25    14.151
   9558.12    14.145
   9563.00    14.159
   9567.88    14.153
   9572.76    14.154
   9577.63    14.158
   9582.51    14.151
   9587.39    14.152
   9592.26    14.148
   9597.14    14.158
   9602.02    14.149
   9606.90    14.146
   9611.77    14.147
   9616.65    14.147
   9621.53    14.149
   9626.40    14.132
   9631.28    14.140
   9636.16    14.145
   9641.03    14.158
   9645.91    14.159
   9650.79    14.152
   9655.66    14.157
   9660.54    14.143
   9665.42    14.139
   9670.29    14.142
   9675.17    14.152
   9680.05    14.155
   9684.92    14.157
   9689.80    14.146
   9694.68    14.133
   9699.55    14.137
   9704.43    14.137
   9709.30    14.141
   9714.18    14.149
   9719.06    14.160
   9723.93    14.160
   9728.81    14.150
   9733.68    14.143
   9738.56    14.139
   9743.44    14.153
   9748.31    14.148
   9753.19    14.146
   9758.06    14.163
   9762.94    14.156
   9767.81    14.152
   9772.69    14.147
   9777.57    14.162
   9782.44    14.164
   9787.32    14.160
   9792.19    14.167
   9797.07    14.168
   9801.94    14.173
   9806.82    14.169
   9811.69    14.166
   9816.57    14.169
   9821.44    14.164
   9826.32    14.181
   9831.19    14.177
   9836.07    14.184
   9840.94    14.169
   9845.82    14.173
   9850.69    14.171
   9855.57    14.168
   9860.44    14.176
   9865.32    14.179
   9870.19    14.187
   9875.07    14.187
   9879.94    14.173
   9884.82    14.167
   9889.69    14.170
   9894.56    14.186
   9899.44    14.197
   9904.31    14.202
   9909.19    14.197
   9914.06    14.202
   9918.94    14.204
   9923.81    14.213
   9928.68    14.244
   9933.56    14.214
   9938.43    14.211
   9943.31    14.221
   9948.18    14.210
   9953.05    14.197
   9957.93    14.212
   9962.80    14.216
   9967.67    14.232
   9972.55    14.239
   9977.42    14.224
   9982.30    14.236
   9987.17    14.229
   9992.04    14.242
   9996.92    14.255
  10001.79    14.257
  10006.66    14.239
  10011.54    14.232
  10016.41    14.247
  10021.28    14.249
  10026.16    14.271
  10031.03    14.270
  10035.90    14.274
  10040.77    14.264
  10045.65    14.274
  10050.52    14.269
  10055.39    14.280
  10060.27    14.278
  10065.14    14.290
  10070.01    14.278
  10074.88    14.271
  10079.76    14.264
  10084.63    14.262
  10089.50    14.266
  10094.37    14.275
  10099.25    14.280
  10104.12    14.275
  10108.99    14.257
  10113.86    14.254
  10118.74    14.252
  10123.61    14.245
  10128.48    14.276
  10133.35    14.263
  10138.22    14.255
  10143.09    14.254
  10147.97    14.240
  10163.00    14.243
  10191.00    14.241
  10218.00    14.245
  10246.00    14.249
  10273.00    14.256
  10301.00    14.258
  10329.00    14.260
  10356.00    14.268
  10384.00    14.276
  10411.00    14.282
  10439.00    14.286
  10467.00    14.286
  10494.00    14.297
  10522.00    14.304
  10549.00    14.310
  10577.00    14.312
  10605.00    14.314
  10632.00    14.324
  10660.00    14.321
  10687.00    14.331
  10715.00    14.335
  10743.00    14.338
  10770.00    14.356
  10798.00    14.362
  10825.00    14.377
  10853.00    14.406
  10881.00    14.419
  10908.00    14.454
  10936.00    14.463
  10963.00    14.458
  10991.00    14.450
  11019.00    14.429
  11046.00    14.426
  11074.00    14.418
  11101.00    14.417
  11129.00    14.425
  11157.00    14.419
  11184.00    14.423
  11212.00    14.433
  11239.00    14.439
  11267.00    14.447
  11295.00    14.452
  11322.00    14.462
  11350.00    14.467
  11377.00    14.471
  11405.00    14.473
  11433.00    14.475
  11460.00    14.475
  11488.00    14.482
  11515.00    14.488
  11543.00    14.490
  11571.00    14.492
  11598.00    14.488
  11626.00    14.492
  11653.00    14.494
  11681.00    14.502
  11714.00    14.513
  11754.00    14.519
  11794.00    14.528
  11834.00    14.535
  11874.00    14.538
  11914.00    14.542
  11954.00    14.550
  11994.00    14.557
  12035.00    14.565
  12075.00    14.574
  12115.00    14.582
  12155.00    14.591
  12195.00    14.595
  12235.00    14.600
  12275.00    14.610
  12315.00    14.620
  12355.00    14.627
  12395.00    14.633
  12435.00    14.643
  12475.00    14.651
  12516.00    14.656
  12556.00    14.662
  12596.00    14.672
  12636.00    14.686
  12676.00    14.694
  12716.00    14.724
  12756.00    14.757
  12796.00    14.783
  12836.00    14.796
  12876.00    14.787
  12916.00    14.766
  12956.00    14.750
  12996.00    14.741
  13037.00    14.738
  13077.00    14.741
  13117.00    14.750
  13157.00    14.762
  13197.00    14.769
  13237.00    14.773
  13277.00    14.777
  13317.00    14.782
  13357.00    14.788
  13397.00    14.795
  13437.00    14.799
  13477.00    14.804
  13518.00    14.812
  13558.00    14.819
  13598.00    14.824
  13638.00    14.833
  13678.00    14.841
  13718.00    14.845
  13758.00    14.849
  13798.00    14.853
  13838.00    14.857
  13878.00    14.864
  13918.00    14.871
  13958.00    14.877
  13998.00    14.883
  14039.00    14.889
  14079.00    14.893
  14119.00    14.896
  14159.00    14.902
  14199.00    14.911
  14239.00    14.918
  14279.00    14.922
  14319.00    14.924
  14359.00    14.928
  14399.00    14.932
  14439.00    14.938
  14479.00    14.945
  14520.00    14.953
  14560.00    14.962
  14600.00    14.971
  14640.00    14.979
  14680.00    14.984
  14720.00    14.984
  14760.00    14.985
  14800.00    14.995
  14840.00    15.002
  14880.00    15.005
  14920.00    15.008
  14960.00    15.016
  15000.00    15.024
  15041.00    15.029
  15081.00    15.034
  15121.00    15.042
  15161.00    15.047
  15201.00    15.051
  15241.00    15.055
  15281.00    15.060
  15321.00    15.064
  15361.00    15.074
  15401.00    15.080
  15441.00    15.084
  15481.00    15.088
  15522.00    15.093
  15562.00    15.101
  15602.00    15.110
  15642.00    15.114
  15682.00    15.114
  15722.00    15.120
  15762.00    15.128
  15802.00    15.134
  15842.00    15.136
  15882.00    15.140
  15922.00    15.147
  15962.00    15.151
  16002.00    15.156
  16043.00    15.161
  16083.00    15.165
  16123.00    15.171
  16163.00    15.178
  16203.00    15.186
  16243.00    15.194
  16283.00    15.200
  16323.00    15.205
  16363.00    15.207
  16403.00    15.210
  16443.00    15.217
  16483.00    15.224
  16524.00    15.230
  16564.00    15.235
  16604.00    15.239
  16644.00    15.243
  16684.00    15.248
  16724.00    15.252
  16764.00    15.259
  16804.00    15.268
  16844.00    15.272
  16884.00    15.276
  16924.00    15.280
  16964.00    15.284
  17004.00    15.288
  17045.00    15.295
  17085.00    15.299
  17125.00    15.304
  17165.00    15.311
  17205.00    15.316
  17245.00    15.322
  17285.00    15.329
  17325.00    15.334
  17365.00    15.340
  17405.00    15.344
  17445.00    15.346
  17485.00    15.349
  17526.00    15.354
  17566.00    15.360
  17606.00    15.366
  17646.00    15.371
  17686.00    15.374
  17726.00    15.378
  17766.00    15.383
  17806.00    15.385
  17846.00    15.389
  17886.00    15.393
  17926.00    15.398
  17966.00    15.403
  18006.00    15.411
  18047.00    15.419
  18087.00    15.426
  18127.00    15.430
  18167.00    15.433
  18207.00    15.439
  18247.00    15.446
  18287.00    15.455
  18327.00    15.458
  18367.00    15.460
  18407.00    15.465
  18447.00    15.470
  18487.00    15.470
  18528.00    15.475
  18568.00    15.485
  18608.00    15.496
  18648.00    15.510
  18688.00    15.527
  18728.00    15.546
  18768.00    15.551
  18808.00    15.550
  18848.00    15.538
  18888.00    15.536
  18928.00    15.538
  18968.00    15.539
  19008.00    15.554
  19049.00    15.554
  19089.00    15.562
  19129.00    15.575
  19169.00    15.571
  19209.00    15.565
  19249.00    15.567
  19289.00    15.601
  19329.00    15.630
  19369.00    15.569
  19409.00    15.589
  19449.00    15.666
  19489.00    15.627
