    909.86     6.562
    919.12     5.105
    928.38     4.180
    937.64     3.773
    946.90     3.674
    956.16     3.587
    965.42     3.587
    974.68     3.631
    983.94     3.628
    993.20     3.586
   1002.46     3.622
   1011.72     3.651
   1020.98     3.591
   1030.24     3.559
   1039.50     3.500
   1048.76     3.470
   1058.02     3.489
   1067.28     3.474
   1076.54     3.482
   1085.80     3.540
   1095.06     3.544
   1104.32     3.560
   1113.58     3.512
   1122.84     3.477
   1132.10     3.574
   1141.36     3.576
   1155.80     3.590
   1157.00     3.540
   1158.20     3.606
   1159.20     3.596
   1160.40     3.580
   1161.60     3.542
   1162.80     3.573
   1164.00     3.609
   1165.20     3.641
   1166.40     3.650
   1167.60     3.635
   1168.80     3.653
   1170.00     3.700
   1171.00     3.787
   1172.20     3.837
   1173.40     3.901
   1174.60     3.948
   1175.80     3.879
   1177.00     3.807
   1178.20     3.723
   1179.40     3.649
   1180.60     3.621
   1181.60     3.613
   1182.80     3.575
   1184.00     3.542
   1185.20     3.536
   1186.40     3.577
   1187.60     3.553
   1188.80     3.596
   1190.00     3.622
   1191.20     3.602
   1192.40     3.620
   1193.40     3.682
   1194.60     3.712
   1195.80     3.733
   1197.00     3.737
   1198.20     3.756
   1199.40     3.772
   1200.60     3.756
   1201.80     3.714
   1203.00     3.716
   1204.20     3.746
   1205.20     3.771
   1206.40     3.775
   1207.60     3.749
   1208.80     3.844
   1210.00     3.974
   1211.20     4.146
   1212.40     4.415
   1213.60     4.575
   1214.80     4.684
   1216.00     4.527
   1217.00     4.196
   1218.20     3.995
   1219.40     3.778
   1220.60     3.625
   1221.80     3.568
   1223.00     3.554
   1224.20     3.508
   1225.40     3.541
   1226.60     3.576
   1227.80     3.573
   1228.80     3.565
   1230.00     3.525
   1231.20     3.549
   1232.40     3.521
   1233.60     3.559
   1234.80     3.652
   1236.00     3.602
   1237.20     3.637
   1238.40     3.691
   1239.60     3.654
   1240.60     3.604
   1241.80     3.628
   1243.00     3.581
   1244.20     3.590
   1245.40     3.626
   1246.60     3.636
   1247.80     3.631
   1249.00     3.623
   1250.20     3.623
   1251.40     3.642
   1252.40     3.668
   1253.60     3.648
   1254.80     3.659
   1256.00     3.628
   1257.20     3.612
   1258.40     3.633
   1259.60     3.591
   1260.80     3.521
   1262.00     3.519
   1263.20     3.519
   1264.20     3.488
   1265.40     3.541
   1266.60     3.536
   1267.80     3.508
   1269.00     3.523
   1270.20     3.533
   1271.40     3.524
   1272.60     3.491
   1273.80     3.442
   1275.00     3.427
   1276.00     3.480
   1277.20     3.486
   1278.40     3.470
   1279.60     3.461
   1280.80     3.486
   1282.00     3.484
   1283.20     3.507
   1284.40     3.500
   1285.60     3.490
   1286.80     3.517
   1287.80     3.508
   1289.00     3.484
   1290.20     3.468
   1291.40     3.467
   1292.60     3.448
   1293.80     3.486
   1295.00     3.514
   1296.20     3.537
   1297.40     3.546
   1298.60     3.543
   1299.60     3.552
   1300.80     3.558
   1302.00     3.583
   1303.20     3.569
   1304.40     3.592
   1305.60     3.570
   1306.80     3.512
   1308.00     3.525
   1309.20     3.517
   1310.40     3.469
   1311.40     3.482
   1312.60     3.506
   1313.80     3.515
   1315.00     3.518
   1316.20     3.489
   1317.40     3.519
   1318.60     3.500
   1319.80     3.521
   1321.00     3.572
   1322.20     3.555
   1323.20     3.537
   1324.40     3.536
   1325.60     3.530
   1326.80     3.536
   1328.00     3.531
   1329.20     3.496
   1330.40     3.506
   1331.60     3.540
   1332.80     3.534
   1334.00     3.607
   1335.00     3.657
   1336.20     3.619
   1337.40     3.582
   1338.60     3.600
   1339.80     3.609
   1341.00     3.607
   1342.20     3.590
   1343.40     3.611
   1344.60     3.626
   1345.80     3.599
   1346.80     3.596
   1348.00     3.570
   1349.20     3.601
   1350.40     3.575
   1351.60     3.562
   1352.80     3.548
   1354.00     3.541
   1355.20     3.539
   1356.40     3.596
   1357.60     3.611
   1358.60     3.610
   1359.80     3.624
   1361.00     3.624
   1362.20     3.634
   1363.40     3.637
   1364.60     3.639
   1365.80     3.596
   1367.00     3.599
   1368.20     3.589
   1369.20     3.593
   1370.40     3.613
   1371.60     3.646
   1372.80     3.627
   1374.00     3.605
   1375.20     3.594
   1376.40     3.583
   1377.60     3.617
   1378.80     3.641
   1380.00     3.627
   1381.00     3.622
   1382.20     3.635
   1383.40     3.686
   1384.60     3.665
   1385.80     3.685
   1387.00     3.695
   1388.20     3.723
   1389.40     3.742
   1390.60     3.750
   1391.80     3.823
   1392.80     3.924
   1394.00     3.937
   1395.20     3.876
   1396.40     3.897
   1397.60     3.848
   1398.80     3.816
   1400.00     3.842
   1401.20     3.875
   1402.40     3.944
   1403.60     3.909
   1404.60     3.823
   1405.80     3.762
   1407.00     3.774
   1408.20     3.786
   1409.40     3.742
   1410.60     3.735
   1411.80     3.700
   1413.00     3.680
   1414.20     3.681
   1415.40     3.670
   1416.40     3.714
   1417.60     3.739
   1418.80     3.761
   1420.00     3.775
   1421.20     3.763
   1422.40     3.726
   1423.60     3.740
   1424.80     3.787
   1426.00     3.857
   1427.20     3.905
   1428.20     3.881
   1429.40     3.825
   1430.60     3.799
   1431.80     3.743
   1433.00     3.697
   1434.20     3.702
   1435.40     3.689
   1436.60     3.711
   1437.80     3.709
   1439.00     3.711
   1440.00     3.734
   1441.20     3.761
   1442.40     3.708
   1443.60     3.708
   1444.80     3.721
   1446.00     3.722
   1447.20     3.703
   1448.40     3.720
   1449.60     3.739
   1450.80     3.729
   1451.80     3.752
   1453.00     3.761
   1454.20     3.765
   1455.40     3.771
   1456.60     3.748
   1457.80     3.776
   1459.00     3.778
   1460.20     3.765
   1461.40     3.764
   1462.60     3.730
   1463.60     3.722
   1464.80     3.706
   1466.00     3.683
   1467.20     3.705
   1468.40     3.705
   1469.60     3.694
   1470.80     3.688
   1472.00     3.695
   1473.20     3.686
   1474.40     3.671
   1475.40     3.688
   1476.60     3.718
   1477.80     3.710
   1479.00     3.727
   1480.20     3.676
   1481.40     3.664
   1482.60     3.677
   1483.80     3.661
   1485.00     3.663
   1486.20     3.648
   1487.20     3.617
   1488.40     3.632
   1489.60     3.637
   1490.80     3.628
   1492.00     3.648
   1493.20     3.671
   1494.40     3.671
   1495.60     3.663
   1496.80     3.672
   1498.00     3.721
   1499.00     3.762
   1500.20     3.779
   1501.40     3.786
   1502.60     3.792
   1503.80     3.768
   1505.00     3.716
   1506.20     3.697
   1507.40     3.679
   1508.60     3.657
   1509.80     3.667
   1510.80     3.696
   1512.00     3.699
   1513.20     3.700
   1514.40     3.716
   1515.60     3.699
   1516.80     3.672
   1518.00     3.674
   1519.20     3.660
   1520.40     3.667
   1521.60     3.659
   1522.60     3.651
   1523.80     3.721
   1525.00     3.786
   1526.20     3.847
   1527.40     3.876
   1528.60     3.878
   1529.80     3.871
   1531.00     3.930
   1532.20     3.971
   1533.40     3.993
   1534.40     3.977
   1535.60     3.948
   1536.80     3.938
   1538.00     3.928
   1539.20     3.907
   1540.40     3.947
   1541.60     4.018
   1542.80     4.109
   1544.00     4.238
   1545.00     4.447
   1546.20     4.599
   1547.40     4.724
   1548.60     4.765
   1549.80     4.668
   1551.00     4.451
   1552.20     4.252
   1553.40     4.108
   1554.60     4.010
   1555.80     3.971
   1556.80     3.934
   1558.00     3.945
   1559.20     3.969
   1560.40     3.998
   1561.60     4.001
   1562.80     4.052
   1564.00     4.040
   1565.20     4.015
   1566.40     3.988
   1567.60     3.987
   1568.60     3.993
   1569.80     3.957
   1571.00     3.904
   1572.20     3.887
   1573.40     3.873
   1574.60     3.899
   1575.80     3.941
   1577.00     3.945
   1578.20     3.952
   1579.40     3.942
   1580.40     3.905
   1581.60     3.890
   1582.80     3.895
   1584.00     3.893
   1585.20     3.870
   1586.40     3.868
   1587.60     3.860
   1588.80     3.853
   1590.00     3.868
   1591.20     3.899
   1592.20     3.929
   1593.40     3.914
   1594.60     3.891
   1595.80     3.904
   1597.00     3.908
   1598.20     3.894
   1599.40     3.883
   1600.60     3.899
   1601.80     3.943
   1603.00     3.959
   1604.00     3.973
   1605.20     3.990
   1606.40     4.007
   1607.60     4.029
   1608.80     4.062
   1610.00     4.099
   1611.20     4.099
   1612.40     4.074
   1613.60     4.070
   1614.80     4.052
   1615.80     4.057
   1617.00     4.051
   1618.20     4.046
   1619.40     4.044
   1620.60     4.065
   1621.80     4.088
   1623.00     4.080
   1624.20     4.040
   1625.40     4.041
   1626.60     4.050
   1627.60     4.025
   1628.80     4.054
   1630.00     4.073
   1631.20     4.066
   1632.40     4.059
   1633.60     4.029
   1634.80     3.990
   1636.00     3.981
   1637.20     3.981
   1638.40     3.958
   1639.40     4.024
   1640.60     4.056
   1641.80     4.053
   1643.00     4.012
   1644.20     3.955
   1645.40     3.887
   1646.60     3.861
   1647.80     3.870
   1649.00     3.860
   1650.20     3.870
   1651.20     3.876
   1652.40     3.883
   1653.60     3.898
   1654.80     3.909
   1656.00     3.927
   1657.20     3.954
   1658.40     3.971
   1659.60     3.934
   1660.80     3.929
   1662.00     3.915
   1663.00     3.950
   1664.20     3.931
   1665.40     3.904
   1666.60     3.912
   1667.80     3.901
   1669.00     3.940
   1670.20     3.991
   1671.40     4.015
   1672.60     4.026
   1673.80     3.995
   1674.80     3.939
   1676.00     3.897
   1677.20     3.857
   1678.40     3.822
   1679.60     3.814
   1680.80     3.817
   1682.00     3.822
   1683.20     3.821
   1684.40     3.824
   1685.60     3.826
   1686.60     3.862
   1687.80     3.873
   1689.00     3.874
   1690.20     3.881
   1691.40     3.874
   1692.60     3.871
   1693.80     3.883
   1695.00     3.868
   1696.20     3.894
   1697.40     3.913
   1698.40     3.900
   1699.60     3.895
   1700.80     3.895
   1702.00     3.887
   1703.20     3.880
   1704.40     3.880
   1705.60     3.876
   1706.80     3.860
   1708.00     3.889
   1709.20     3.889
   1710.20     3.881
   1711.40     3.872
   1712.60     3.864
   1713.80     3.869
   1715.00     3.879
   1716.20     3.913
   1717.40     3.970
   1718.60     3.971
   1719.80     3.994
   1720.80     4.012
   1722.00     3.997
   1723.20     4.022
   1724.40     4.009
   1725.60     3.994
   1726.80     3.976
   1728.00     3.936
   1729.20     3.920
   1730.40     3.903
   1731.60     3.889
   1732.60     3.878
   1733.80     3.864
   1735.00     3.853
   1736.20     3.833
   1737.40     3.835
   1738.60     3.866
   1739.80     3.876
   1741.00     3.870
   1742.20     3.863
   1743.40     3.850
   1744.40     3.829
   1745.60     3.812
   1746.80     3.808
   1748.00     3.820
   1749.20     3.851
   1750.40     3.872
   1751.60     3.871
   1752.80     3.862
   1754.00     3.846
   1755.20     3.837
   1756.20     3.838
   1757.40     3.823
   1758.60     3.794
   1759.80     3.804
   1761.00     3.840
   1762.20     3.850
   1763.40     3.854
   1764.60     3.850
   1765.80     3.854
   1767.00     3.854
   1768.00     3.845
   1769.20     3.857
   1770.40     3.853
   1771.60     3.841
   1772.80     3.849
   1774.00     3.843
   1775.20     3.844
   1776.40     3.859
   1777.60     3.847
   1778.80     3.849
   1779.80     3.852
   1781.00     3.856
   1782.20     3.862
   1783.40     3.856
   1784.60     3.861
   1785.80     3.871
   1787.00     3.872
   1788.20     3.879
   1789.40     3.892
   1790.60     3.878
   1791.60     3.880
   1792.80     3.878
   1794.00     3.876
   1795.20     3.873
   1796.40     3.910
   1797.60     3.891
   1798.80     3.877
   1800.00     3.874
   1801.20     3.873
   1802.40     3.876
   1803.40     3.877
   1804.60     3.894
   1805.80     3.895
   1807.00     3.891
   1808.20     3.888
   1809.40     3.886
   1810.60     3.885
   1811.80     3.886
   1813.00     3.884
   1814.20     3.874
   1815.20     3.865
   1816.40     3.866
   1817.60     3.854
   1818.80     3.844
   1820.00     3.842
   1821.20     3.839
   1822.40     3.837
   1823.60     3.861
   1824.80     3.866
   1826.00     3.868
   1827.00     3.863
   1828.20     3.870
   1829.40     3.869
   1830.60     3.856
   1831.80     3.845
   1833.00     3.844
   1834.20     3.832
   1835.40     3.837
   1836.60     3.840
   1837.80     3.840
   1838.80     3.863
   1840.00     3.884
   1841.20     3.904
   1842.40     3.905
   1843.60     3.897
   1844.80     3.889
   1846.00     3.881
   1847.20     3.876
   1848.40     3.887
   1849.60     3.903
   1850.60     3.914
   1851.80     3.920
   1853.00     3.923
   1854.20     3.921
   1855.40     3.914
   1856.60     3.905
   1857.80     3.920
   1859.00     3.908
   1860.20     3.913
   1861.40     3.916
   1862.40     3.912
   1863.60     3.905
   1864.80     3.894
   1866.00     3.875
   1867.20     3.871
   1868.40     3.883
   1869.60     3.900
   1870.80     3.912
   1872.00     3.929
   1873.20     3.949
   1874.20     3.966
   1875.40     3.964
   1876.60     3.951
   1877.80     3.924
   1879.00     3.923
   1880.20     3.926
   1881.40     3.912
   1882.60     3.919
   1883.80     3.938
   1885.00     3.952
   1886.00     3.971
   1887.20     3.976
   1888.40     3.970
   1889.60     3.970
   1890.80     3.962
   1892.00     3.950
   1893.20     3.950
   1894.40     3.948
   1895.60     3.942
   1896.80     3.934
   1897.80     3.940
   1899.00     3.927
   1900.20     3.925
   1901.40     3.924
   1902.60     3.921
   1903.80     3.929
   1905.00     3.941
   1906.20     3.938
   1907.40     3.941
   1908.40     3.936
   1909.60     3.942
   1910.80     3.940
   1912.00     3.948
   1913.20     3.956
   1914.40     3.962
   1915.60     3.964
   1916.80     3.968
   1918.00     3.960
   1919.20     3.968
   1920.20     3.979
   1921.40     3.962
   1922.60     3.945
   1923.80     3.946
   1925.00     3.944
   1926.20     3.966
   1927.40     3.983
   1928.60     3.965
   1929.80     3.926
   1931.00     3.913
   1932.00     3.904
   1933.20     3.942
   1934.40     3.925
   1935.60     3.928
   1936.80     3.934
   1938.00     3.931
   1939.20     3.937
   1940.40     3.933
   1941.60     3.919
   1942.80     3.918
   1943.80     3.918
   1945.00     3.933
   1946.20     3.933
   1947.40     3.923
   1948.60     3.912
   1949.80     3.923
   1951.00     3.941
   1952.20     3.954
   1953.40     3.956
   1954.60     3.961
   1955.60     3.966
   1956.80     3.965
   1958.00     3.993
   1959.20     3.982
   1960.40     3.974
   1961.60     3.975
   1962.80     3.962
   1964.00     3.956
   1965.20     3.959
   1966.40     3.956
   1967.40     3.953
   1968.60     3.931
   1969.80     3.913
   1970.20     3.916
   1972.00     3.924
   1973.80     3.872
   1975.80     3.848
   1977.60     3.908
   1979.40     3.913
   1981.40     3.904
   1983.20     3.932
   1985.00     3.913
   1987.00     3.893
   1988.80     3.908
   1990.60     3.907
   1992.60     3.910
   1994.40     3.909
   1996.20     3.885
   1998.20     3.954
   2000.00     3.985
   2001.80     3.920
   2003.80     3.914
   2005.60     3.907
   2007.40     3.920
   2009.40     3.890
   2011.20     3.878
   2013.20     3.922
   2015.00     3.932
   2016.80     3.964
   2018.80     3.921
   2020.60     3.893
   2022.40     3.845
   2024.40     3.877
   2026.20     3.920
   2028.00     3.940
   2030.00     3.911
   2031.80     3.896
   2033.60     3.894
   2035.60     3.933
   2037.40     3.935
   2039.20     3.884
   2041.20     3.869
   2043.00     3.885
   2044.80     3.919
   2046.80     3.913
   2048.60     3.905
   2050.40     3.922
   2052.40     3.919
   2054.20     3.923
   2056.00     3.929
   2058.00     3.934
   2059.80     3.940
   2061.80     3.948
   2063.60     3.915
   2065.40     3.921
   2067.40     3.910
   2069.20     3.941
   2071.00     3.950
   2073.00     3.952
   2074.80     3.953
   2076.60     3.976
   2078.60     3.924
   2080.40     3.904
   2082.20     3.886
   2084.20     3.939
   2086.00     3.974
   2087.80     3.911
   2089.80     3.907
   2091.60     3.900
   2093.40     3.914
   2095.40     3.914
   2097.20     3.948
   2099.00     3.940
   2101.00     3.923
   2102.80     3.951
   2104.80     3.935
   2106.60     3.959
   2108.40     3.922
   2110.40     3.904
   2112.20     3.898
   2114.00     3.920
   2116.00     3.914
   2117.80     3.943
   2119.60     3.956
   2121.60     3.967
   2123.40     3.907
   2125.20     3.922
   2127.20     3.893
   2129.00     3.950
   2130.80     3.917
   2132.80     3.891
   2134.60     3.937
   2136.40     3.907
   2138.40     3.913
   2140.20     3.956
   2142.00     3.961
   2144.00     3.946
   2145.80     3.938
   2147.60     3.910
   2149.60     3.942
   2151.40     3.977
   2153.40     3.981
   2155.20     3.951
   2157.00     3.902
   2159.00     3.914
   2160.80     3.995
   2162.60     4.005
   2164.60     3.969
   2166.40     4.007
   2168.20     4.012
   2170.20     3.971
   2172.00     3.972
   2173.80     3.979
   2175.80     3.951
   2177.60     3.917
   2179.40     3.940
   2181.40     3.944
   2183.20     3.955
   2185.00     3.965
   2187.00     3.983
   2188.80     3.942
   2190.60     3.922
   2192.60     3.952
   2194.40     3.962
   2196.20     3.958
   2198.20     3.934
   2200.00     3.977
   2202.00     3.987
   2203.80     3.971
   2205.60     3.985
   2207.60     3.961
   2209.40     3.959
   2211.20     3.999
   2213.20     3.981
   2215.00     3.994
   2216.80     3.995
   2218.80     4.009
   2220.60     4.035
   2222.40     4.051
   2224.40     4.019
   2226.20     3.976
   2228.00     3.989
   2230.00     4.006
   2231.80     4.015
   2233.60     4.019
   2235.60     4.008
   2237.40     4.028
   2239.20     4.043
   2241.20     4.004
   2243.00     4.019
   2245.00     4.027
   2246.80     4.022
   2248.60     3.988
   2250.60     4.001
   2252.40     3.997
   2254.20     4.022
   2256.20     4.030
   2258.00     4.018
   2259.80     3.974
   2261.80     3.959
   2263.60     4.012
   2265.40     4.016
   2267.40     4.036
   2269.20     4.023
   2271.00     4.009
   2273.00     3.994
   2274.80     3.991
   2276.60     3.950
   2278.60     4.002
   2280.40     3.976
   2282.20     3.952
   2284.20     3.999
   2286.00     4.019
   2287.80     4.062
   2289.80     3.995
   2291.60     4.024
   2293.60     4.053
   2295.40     4.037
   2297.20     4.037
   2299.20     4.103
   2301.00     4.119
   2302.80     4.126
   2304.80     4.067
   2306.60     4.048
   2308.40     4.054
   2310.40     4.069
   2312.20     4.049
   2314.00     4.005
   2316.00     3.989
   2317.80     3.961
   2319.60     3.981
   2321.60     4.050
   2323.40     4.022
   2325.20     3.957
   2327.20     4.034
   2329.00     4.022
   2330.80     4.007
   2332.80     4.038
   2334.60     3.972
   2336.40     3.970
   2338.40     4.016
   2340.20     4.033
   2342.20     4.059
   2344.00     4.028
   2345.80     4.041
   2347.80     4.026
   2349.60     3.983
   2351.40     3.973
   2353.40     4.017
   2355.20     4.020
   2357.00     3.999
   2359.00     3.953
   2360.80     3.974
   2362.60     4.023
   2364.60     3.987
   2366.40     4.022
   2368.20     3.988
   2370.20     3.986
   2372.00     3.992
   2373.80     4.048
   2375.80     4.054
   2377.60     4.050
   2379.40     4.041
   2381.40     4.081
   2383.20     4.108
   2385.20     4.114
   2387.00     4.175
   2388.80     4.118
   2390.80     4.079
   2392.60     4.132
   2394.40     4.088
   2396.40     4.105
   2398.20     4.049
   2400.00     4.099
   2402.00     4.065
   2403.80     4.072
   2405.60     4.027
   2407.60     4.073
   2409.40     4.033
   2411.20     4.036
   2413.20     4.019
   2415.00     4.084
   2416.80     4.035
   2418.80     4.025
   2420.60     4.006
   2422.40     4.038
   2424.40     4.060
   2426.20     4.025
   2428.00     4.034
   2430.00     3.996
   2431.80     3.949
   2433.80     3.990
   2435.60     4.026
   2437.40     4.021
   2439.40     4.036
   2441.20     4.010
   2443.00     4.019
   2445.00     4.064
   2446.80     4.043
   2448.60     4.039
   2450.60     4.003
   2452.40     4.008
   2454.20     4.015
   2456.20     4.030
   2458.00     3.999
   2459.80     4.030
   2461.80     4.033
   2463.60     4.032
   2465.40     4.007
   2467.40     3.987
   2469.20     4.039
   2471.00     4.084
   2473.00     4.115
   2474.80     4.080
   2476.60     4.077
   2478.60     4.046
   2480.40     4.025
   2482.40     3.986
   2484.20     4.021
   2486.00     4.046
   2488.00     4.084
   2489.80     4.078
   2491.60     4.070
   2493.60     4.058
   2495.40     4.076
   2497.20     4.053
   2499.20     4.033
   2501.00     4.023
   2502.80     4.003
   2504.80     4.026
   2506.60     4.040
   2508.40     4.068
   2510.40     4.059
   2512.20     4.134
   2514.00     4.146
   2516.00     4.132
   2517.80     4.109
   2519.60     4.103
   2521.60     4.108
   2523.40     4.095
   2525.40     4.112
   2527.20     4.101
   2529.00     4.033
   2531.00     4.046
   2532.80     4.095
   2534.60     4.046
   2536.60     4.067
   2538.40     4.055
   2540.20     4.067
   2542.20     4.067
   2544.00     4.075
   2545.80     4.078
   2547.80     4.083
   2549.60     4.053
   2551.40     4.056
   2553.40     4.100
   2555.20     4.082
   2557.00     4.121
   2559.00     4.141
   2560.80     4.109
   2562.60     4.065
   2564.60     4.089
   2566.40     4.098
   2568.20     4.083
   2570.20     4.085
   2572.00     4.069
   2574.00     4.096
   2575.80     4.086
   2577.60     4.093
   2579.60     4.119
   2581.40     4.133
   2583.20     4.140
   2585.20     4.143
   2587.00     4.143
   2588.80     4.160
   2590.80     4.184
   2592.60     4.183
   2594.40     4.143
   2596.40     4.100
   2598.20     4.108
   2600.00     4.137
   2602.00     4.163
   2603.80     4.142
   2605.60     4.159
   2607.60     4.136
   2609.40     4.103
   2611.20     4.100
   2613.20     4.111
   2615.00     4.130
   2616.80     4.098
   2618.80     4.100
   2620.60     4.135
   2622.60     4.138
   2624.40     4.102
   2626.20     4.104
   2628.20     4.113
   2630.00     4.097
   2631.80     4.124
   2633.80     4.098
   2635.60     4.111
   2637.40     4.112
   2639.40     4.132
   2641.20     4.149
   2643.00     4.161
   2645.00     4.149
   2646.80     4.158
   2648.60     4.150
   2650.60     4.143
   2652.40     4.159
   2654.20     4.129
   2656.20     4.130
   2658.00     4.123
   2659.80     4.129
   2661.80     4.137
   2663.60     4.116
   2665.60     4.150
   2667.40     4.163
   2669.20     4.152
   2671.20     4.158
   2673.00     4.156
   2674.80     4.155
   2676.80     4.173
   2678.60     4.154
   2680.40     4.140
   2682.40     4.146
   2684.20     4.136
   2686.00     4.111
   2688.00     4.136
   2689.80     4.134
   2691.60     4.123
   2693.60     4.155
   2695.40     4.195
   2697.20     4.207
   2699.20     4.204
   2701.00     4.198
   2702.80     4.161
   2704.80     4.140
   2706.60     4.135
   2708.40     4.185
   2710.40     4.167
   2712.20     4.149
   2714.20     4.179
   2716.00     4.201
   2717.80     4.191
   2719.80     4.173
   2721.60     4.192
   2723.40     4.189
   2725.40     4.222
   2727.20     4.211
   2729.00     4.193
   2731.00     4.194
   2732.80     4.197
   2734.60     4.211
   2736.60     4.198
   2738.40     4.215
   2740.20     4.210
   2742.20     4.223
   2744.00     4.201
   2745.80     4.186
   2747.80     4.156
   2749.60     4.171
   2751.40     4.179
   2753.40     4.190
   2755.20     4.175
   2757.00     4.176
   2759.00     4.201
   2760.80     4.202
   2762.80     4.214
   2764.60     4.208
   2766.40     4.217
   2768.40     4.215
   2770.20     4.215
   2772.00     4.235
   2774.00     4.212
   2775.80     4.201
   2777.60     4.207
   2779.60     4.206
   2781.40     4.210
   2783.20     4.231
   2785.20     4.238
   2787.00     4.241
   2788.80     4.227
   2790.80     4.224
   2792.60     4.273
   2794.40     4.278
   2796.40     4.278
   2798.20     4.320
   2800.00     4.317
   2802.00     4.304
   2803.80     4.274
   2805.80     4.271
   2807.60     4.290
   2809.40     4.250
   2811.40     4.213
   2813.20     4.217
   2815.00     4.225
   2817.00     4.203
   2818.80     4.216
   2820.60     4.202
   2822.60     4.208
   2824.40     4.259
   2826.20     4.215
   2828.20     4.196
   2830.00     4.245
   2831.80     4.296
   2833.80     4.280
   2835.60     4.245
   2837.40     4.233
   2839.40     4.258
   2841.20     4.244
   2843.00     4.239
   2845.00     4.229
   2846.80     4.257
   2848.60     4.251
   2850.60     4.229
   2852.40     4.236
   2854.40     4.279
   2856.20     4.283
   2858.00     4.254
   2860.00     4.244
   2861.80     4.244
   2863.60     4.268
   2865.60     4.271
   2867.40     4.249
   2869.20     4.239
   2871.20     4.254
   2873.00     4.276
   2874.80     4.249
   2876.80     4.242
   2878.60     4.252
   2880.40     4.249
   2882.40     4.246
   2884.20     4.281
   2886.00     4.280
   2888.00     4.261
   2889.80     4.295
   2891.60     4.250
   2893.60     4.241
   2895.40     4.275
   2897.20     4.273
   2899.20     4.292
   2901.00     4.328
   2903.00     4.323
   2904.80     4.318
   2906.60     4.302
   2908.60     4.315
   2910.40     4.300
   2912.20     4.323
   2914.20     4.311
   2916.00     4.280
   2917.80     4.276
   2919.80     4.292
   2921.60     4.286
   2923.40     4.317
   2925.40     4.325
   2927.20     4.341
   2929.00     4.296
   2931.00     4.311
   2932.80     4.312
   2934.60     4.302
   2936.60     4.314
   2938.40     4.306
   2940.20     4.272
   2942.20     4.262
   2944.00     4.313
   2946.00     4.334
   2947.80     4.369
   2949.60     4.350
   2951.60     4.346
   2953.40     4.292
   2955.20     4.281
   2957.20     4.266
   2959.00     4.272
   2960.80     4.288
   2962.80     4.350
   2964.60     4.346
   2966.40     4.350
   2968.40     4.269
   2970.20     4.295
   2972.00     4.318
   2974.00     4.322
   2975.80     4.316
   2977.60     4.326
   2979.60     4.307
   2981.40     4.322
   2983.20     4.336
   2985.20     4.371
   2987.00     4.392
   2988.80     4.367
   2990.80     4.350
   2992.60     4.372
   2994.60     4.376
   2996.40     4.381
   2998.20     4.357
   3000.20     4.334
   3002.00     4.378
   3003.80     4.397
   3005.80     4.371
   3007.60     4.366
   3009.40     4.343
   3011.40     4.328
   3013.20     4.378
   3015.00     4.359
   3017.00     4.360
   3018.80     4.361
   3020.60     4.337
   3022.60     4.351
   3024.40     4.372
   3026.20     4.377
   3028.20     4.353
   3030.00     4.376
   3031.80     4.306
   3033.80     4.369
   3035.60     4.416
   3037.40     4.366
   3039.40     4.355
   3041.20     4.377
   3043.20     4.347
   3045.00     4.350
   3046.80     4.389
   3048.80     4.358
   3050.60     4.342
   3052.40     4.301
   3054.40     4.351
   3056.20     4.382
   3058.00     4.354
   3060.00     4.365
   3061.80     4.368
   3063.60     4.388
   3065.60     4.372
   3067.40     4.378
   3069.20     4.383
   3071.20     4.370
   3073.00     4.393
   3074.80     4.369
   3076.80     4.370
   3078.60     4.373
   3080.40     4.353
   3082.40     4.321
   3084.20     4.348
   3086.20     4.374
   3088.00     4.350
   3089.80     4.359
   3091.80     4.385
   3093.60     4.380
   3095.40     4.363
   3097.40     4.454
   3099.20     4.422
   3100.14     4.450
   3105.32     4.451
   3110.50     4.452
   3115.69     4.454
   3120.89     4.456
   3126.10     4.459
   3131.32     4.461
   3136.55     4.464
   3141.78     4.466
   3147.03     4.469
   3152.28     4.471
   3157.54     4.473
   3162.81     4.476
   3168.09     4.479
   3173.38     4.482
   3178.68     4.485
   3183.99     4.488
   3189.30     4.490
   3194.62     4.492
   3199.96     4.493
   3205.30     4.494
   3210.65     4.496
   3216.01     4.498
   3221.38     4.501
   3226.75     4.504
   3232.14     4.507
   3237.53     4.510
   3242.94     4.512
   3248.35     4.514
   3253.77     4.517
   3259.20     4.519
   3264.64     4.522
   3270.09     4.525
   3275.55     4.528
   3281.02     4.531
   3286.50     4.533
   3291.98     4.536
   3297.48     4.538
   3302.98     4.540
   3308.50     4.543
   3314.02     4.545
   3319.55     4.547
   3325.09     4.550
   3330.64     4.552
   3336.20     4.555
   3341.77     4.557
   3347.35     4.559
   3352.93     4.562
   3358.53     4.564
   3364.14     4.566
   3369.75     4.568
   3375.38     4.570
   3381.01     4.571
   3386.66     4.573
   3392.31     4.576
   3397.97     4.578
   3403.64     4.581
   3409.32     4.583
   3415.01     4.585
   3420.72     4.585
   3426.43     4.585
   3432.15     4.585
   3437.87     4.585
   3443.61     4.587
   3449.36     4.589
   3455.12     4.591
   3460.89     4.594
   3466.66     4.596
   3472.45     4.598
   3478.25     4.601
   3484.05     4.603
   3489.87     4.606
   3495.69     4.608
   3501.53     4.610
   3507.37     4.612
   3513.23     4.615
   3519.09     4.617
   3524.97     4.619
   3530.85     4.621
   3536.74     4.623
   3542.65     4.627
   3548.56     4.631
   3554.48     4.635
   3560.42     4.640
   3566.36     4.643
   3572.31     4.647
   3578.27     4.650
   3584.25     4.654
   3590.23     4.656
   3596.22     4.658
   3602.23     4.660
   3608.24     4.662
   3614.26     4.664
   3620.29     4.667
   3626.34     4.670
   3632.39     4.673
   3638.46     4.674
   3644.53     4.674
   3650.61     4.674
   3656.71     4.673
   3662.81     4.674
   3668.92     4.675
   3675.05     4.676
   3681.18     4.677
   3687.33     4.679
   3693.48     4.690
   3699.65     4.701
   3705.82     4.712
   3712.01     4.723
   3718.20     4.717
   3724.41     4.710
   3730.63     4.704
   3736.85     4.698
   3743.09     4.712
   3749.34     4.726
   3755.60     4.741
   3761.87     4.756
   3768.15     4.739
   3774.44     4.722
   3780.74     4.705
   3787.05     4.689
   3793.37     4.675
   3799.70     4.661
   3806.04     4.647
   3812.40     4.635
   3818.76     4.659
   3825.14     4.683
   3831.52     4.708
   3837.92     4.724
   3844.32     4.679
   3850.74     4.636
   3857.17     4.594
   3863.60     4.576
   3870.05     4.625
   3876.51     4.677
   3882.98     4.731
   3889.47     4.746
   3895.96     4.696
   3902.46     4.649
   3908.98     4.603
   3915.50     4.583
   3922.04     4.582
   3928.58     4.582
   3935.14     4.582
   3941.71     4.614
   3948.29     4.660
   3954.88     4.708
   3961.48     4.758
   3968.09     4.733
   3974.72     4.701
   3981.35     4.671
   3988.00     4.644
   3994.65     4.634
   4001.32     4.625
   4008.00     4.615
   4014.69     4.612
   4021.39     4.617
   4028.10     4.622
   4034.83     4.627
   4041.56     4.629
   4048.31     4.630
   4055.07     4.631
   4061.84     4.632
   4068.62     4.652
   4075.41     4.673
   4082.21     4.694
   4089.02     4.717
   4095.85     4.744
   4102.69     4.771
   4109.54     4.800
   4116.40     4.784
   4123.27     4.744
   4130.15     4.706
   4137.04     4.669
   4143.95     4.669
   4150.87     4.669
   4157.79     4.668
   4164.73     4.669
   4171.69     4.670
   4178.65     4.671
   4185.62     4.672
   4192.61     4.675
   4199.61     4.677
   4206.62     4.680
   4213.64     4.683
   4220.67     4.688
   4227.72     4.692
   4234.78     4.696
   4241.85     4.702
   4248.93     4.708
   4256.02     4.715
   4263.12     4.720
   4270.24     4.723
   4277.37     4.726
   4284.51     4.729
   4291.66     4.735
   4298.82     4.741
   4306.00     4.748
   4313.19     4.762
   4320.38     4.812
   4327.60     4.864
   4334.82     4.920
   4342.06     4.904
   4349.30     4.858
   4356.56     4.814
   4363.84     4.781
   4371.12     4.777
   4378.42     4.773
   4385.73     4.769
   4393.04     4.769
   4400.38     4.770
   4407.72     4.771
   4415.08     4.774
   4422.45     4.777
   4429.83     4.781
   4437.23     4.785
   4444.63     4.790
   4452.05     4.794
   4459.48     4.799
   4466.93     4.800
   4474.38     4.801
   4481.85     4.801
   4489.33     4.802
   4496.83     4.804
   4504.33     4.805
   4511.85     4.807
   4519.38     4.810
   4526.93     4.812
   4534.48     4.815
   4542.05     4.819
   4549.63     4.824
   4557.23     4.829
   4564.84     4.833
   4572.46     4.834
   4580.09     4.836
   4587.73     4.838
   4595.39     4.843
   4603.06     4.847
   4610.75     4.852
   4618.44     4.857
   4626.15     4.863
   4633.87     4.869
   4641.61     4.873
   4649.35     4.875
   4657.12     4.878
   4664.89     4.880
   4672.68     4.880
   4680.48     4.879
   4688.29     4.880
   4696.12     4.884
   4703.95     4.888
   4711.81     4.892
   4719.67     4.892
   4727.55     4.891
   4735.44     4.891
   4743.34     4.893
   4751.26     4.896
   4759.19     4.898
   4767.14     4.902
   4775.09     4.905
   4783.06     4.909
   4791.05     4.914
   4799.05     4.920
   4807.06     4.925
   4815.08     4.931
   4823.12     4.937
   4831.17     4.943
   4839.23     4.961
   4847.31     5.015
   4855.40     5.072
   4863.51     5.111
   4871.62     5.057
   4879.76     5.007
   4887.90     4.964
   4896.06     4.966
   4904.23     4.968
   4912.42     4.970
   4920.62     4.968
   4928.83     4.967
   4937.06     4.966
   4945.30     4.969
   4953.56     4.972
   4961.83     4.975
   4970.11     4.978
   4978.40     4.982
   4986.71     4.985
   4995.04     4.991
   5003.38     4.997
   5011.73     5.003
   5020.09     5.009
   5028.47     5.012
   5036.87     5.013
   5045.27     5.014
   5053.69     5.015
   5062.13     5.016
   5070.58     5.017
   5079.04     5.019
   5087.52     5.023
   5096.01     5.026
   5104.52     5.030
   5113.04     5.034
   5121.58     5.038
   5130.12     5.041
   5138.69     5.043
   5147.27     5.045
   5155.86     5.048
   5164.46     5.050
   5173.08     5.052
   5181.72     5.055
   5190.37     5.058
   5199.03     5.062
   5207.71     5.065
   5216.40     5.068
   5225.11     5.071
   5233.83     5.074
   5242.57     5.077
   5251.32     5.080
   5260.08     5.083
   5268.87     5.086
   5277.66     5.089
   5286.47     5.093
   5295.29     5.096
   5304.13     5.099
   5312.99     5.102
   5321.85     5.105
   5330.74     5.108
   5339.64     5.111
   5348.55     5.114
   5357.48     5.117
   5366.42     5.120
   5375.38     5.123
   5384.35     5.126
   5393.34     5.129
   5402.34     5.132
   5411.36     5.135
   5420.39     5.138
   5429.44     5.141
   5438.50     5.144
   5447.58     5.147
   5456.67     5.151
   5465.78     5.154
   5474.90     5.157
   5484.04     5.160
   5493.20     5.163
   5502.37     5.166
   5511.55     5.169
   5520.75     5.172
   5529.97     5.175
   5539.20     5.178
   5548.44     5.181
   5557.71     5.184
   5566.98     5.187
   5576.27     5.190
   5585.58     5.193
   5594.91     5.196
   5604.25     5.199
   5613.60     5.203
   5622.97     5.206
   5632.36     5.210
   5641.76     5.214
   5651.17     5.218
   5660.61     5.222
   5670.06     5.226
   5679.52     5.230
   5689.00     5.232
   5698.50     5.235
   5708.01     5.237
   5717.54     5.240
   5727.08     5.242
   5736.64     5.245
   5746.22     5.247
   5755.81     5.250
   5765.42     5.252
   5775.04     5.255
   5784.68     5.258
   5794.34     5.261
   5804.01     5.265
   5813.70     5.268
   5823.40     5.271
   5833.12     5.276
   5842.86     5.282
   5852.61     5.287
   5862.38     5.292
   5872.17     5.298
   5881.97     5.300
   5891.79     5.302
   5901.62     5.303
   5911.47     5.304
   5921.34     5.305
   5931.22     5.308
   5941.12     5.311
   5951.04     5.314
   5960.97     5.317
   5970.92     5.320
   5980.89     5.323
   5990.87     5.327
   6000.87     5.331
   6010.89     5.335
   6020.92     5.339
   6030.97     5.342
   6041.04     5.344
   6051.12     5.346
   6061.23     5.348
   6071.34     5.351
   6081.48     5.354
   6091.63     5.357
   6101.80     5.361
   6111.98     5.364
   6122.19     5.368
   6132.40     5.371
   6142.64     5.373
   6152.89     5.376
   6163.16     5.379
   6173.45     5.382
   6183.76     5.385
   6194.08     5.388
   6204.42     5.391
   6214.77     5.394
   6225.15     5.398
   6235.54     5.402
   6245.95     5.406
   6256.37     5.410
   6266.82     5.414
   6277.28     5.417
   6287.75     5.419
   6298.25     5.421
   6308.76     5.423
   6319.29     5.425
   6329.84     5.427
   6340.41     5.430
   6350.99     5.433
   6361.59     5.436
   6372.21     5.439
   6382.85     5.443
   6393.50     5.446
   6404.17     5.449
   6414.87     5.452
   6425.57     5.455
   6436.30     5.458
   6447.04     5.462
   6457.80     5.466
   6468.58     5.470
   6479.38     5.473
   6490.20     5.477
   6501.03     5.481
   6511.88     5.485
   6522.75     5.489
   6533.64     5.504
   6544.54     5.521
   6555.47     5.539
   6566.41     5.557
   6577.37     5.569
   6588.35     5.556
   6599.35     5.544
   6610.36     5.531
   6621.40     5.519
   6632.45     5.518
   6643.52     5.522
   6654.61     5.526
   6665.72     5.530
   6676.85     5.533
   6687.99     5.535
   6699.15     5.537
   6710.34     5.539
   6721.54     5.541
   6732.76     5.544
   6744.00     5.548
   6755.25     5.551
   6766.53     5.555
   6777.82     5.558
   6789.14     5.561
   6800.47     5.564
   6811.82     5.566
   6823.19     5.569
   6834.58     5.572
   6845.99     5.575
   6857.42     5.578
   6868.86     5.581
   6880.33     5.585
   6891.81     5.588
   6903.32     5.591
   6914.84     5.594
   6926.38     5.597
   6937.94     5.600
   6949.52     5.603
   6961.12     5.606
   6972.75     5.610
   6984.38     5.613
   6996.04     5.616
   7007.72     5.619
   7019.42     5.622
   7031.13     5.626
   7042.87     5.631
   7054.63     5.635
   7066.40     5.640
   7078.20     5.644
   7090.01     5.646
   7101.85     5.648
   7113.70     5.651
   7125.58     5.653
   7137.47     5.655
   7149.38     5.657
   7161.32     5.661
   7173.27     5.665
   7185.25     5.668
   7197.24     5.672
   7209.25     5.676
   7221.29     5.679
   7233.34     5.683
   7245.42     5.687
   7257.51     5.690
   7269.62     5.692
   7281.76     5.695
   7293.91     5.698
   7306.09     5.700
   7318.28     5.703
   7330.50     5.706
   7342.73     5.709
   7354.99     5.712
   7367.27     5.715
   7379.57     5.718
   7391.88     5.721
   7404.22     5.725
   7416.58     5.728
   7428.96     5.731
   7441.36     5.735
   7453.78     5.738
   7466.23     5.741
   7478.69     5.744
   7491.17     5.747
   7503.68     5.750
   7516.20     5.753
   7528.75     5.756
   7541.31     5.760
   7553.90     5.763
   7566.51     5.766
   7579.14     5.769
   7591.79     5.772
   7604.46     5.776
   7617.16     5.779
   7629.87     5.782
   7642.61     5.786
   7655.37     5.789
   7668.15     5.792
   7680.94     5.795
   7693.77     5.798
   7706.61     5.802
   7719.47     5.805
   7732.36     5.808
   7745.26     5.812
   7758.19     5.815
   7771.14     5.818
   7784.12     5.821
   7797.11     5.824
   7810.12     5.827
   7823.16     5.830
   7836.22     5.833
   7849.30     5.836
   7862.40     5.839
   7875.52     5.842
   7888.67     5.845
   7901.84     5.848
   7915.03     5.852
   7928.24     5.855
   7941.47     5.858
   7954.73     5.861
   7968.01     5.864
   7981.31     5.868
   7994.63     5.871
   8007.98     5.874
   8021.34     5.877
   8034.73     5.880
   8048.14     5.884
   8061.58     5.887
   8075.03     5.890
   8088.51     5.894
   8102.02     5.897
   8115.54     5.901
   8129.08     5.904
   8142.65     5.908
   8156.25     5.911
   8169.86     5.914
   8183.50     5.917
   8197.16     5.920
   8210.84     5.923
   8224.55     5.926
   8238.27     5.928
   8252.03     5.931
   8265.80     5.934
   8279.60     5.937
   8293.42     5.940
   8307.26     5.943
   8321.13     5.946
   8335.02     5.949
   8348.93     5.952
   8362.87     5.955
   8376.83     5.958
   8390.81     5.961
   8404.82     5.964
   8418.84     5.967
   8432.90     5.970
   8446.97     5.974
   8461.07     5.977
   8475.20     5.981
   8489.34     5.986
   8503.51     5.990
   8517.71     5.994
   8531.93     5.998
   8546.17     6.002
   8560.43     6.006
   8574.72     6.010
   8589.04     6.014
   8603.37     6.018
   8617.73     6.021
   8632.12     6.025
   8646.53     6.029
   8660.96     6.032
   8675.42     6.034
   8689.90     6.037
   8704.40     6.039
   8718.93     6.042
   8733.49     6.044
   8748.06     6.046
   8762.67     6.051
   8777.29     6.055
   8791.95     6.059
   8806.62     6.064
   8821.32     6.068
   8836.04     6.073
   8850.79     6.077
   8865.57     6.074
   8880.37     6.072
   8895.19     6.070
   8910.04     6.068
   8924.91     6.065
   8939.81     6.063
   8954.73     6.064
   8969.68     6.072
   8984.65     6.080
   8999.65     6.089
   9014.67     6.097
   9029.72     6.105
   9044.79     6.114
   9059.89     6.115
   9075.01     6.112
   9090.16     6.109
   9105.33     6.106
   9120.53     6.104
   9135.75     6.101
   9151.00     6.099
   9166.28     6.110
   9181.58     6.120
   9196.91     6.131
   9212.26     6.142
   9227.63     6.154
   9243.04     6.165
   9258.47     6.167
   9273.92     6.163
   9289.40     6.158
   9304.91     6.153
   9320.44     6.148
   9336.00     6.143
   9351.58     6.139
   9367.19     6.142
   9382.83     6.146
   9398.49     6.150
   9414.18     6.153
   9429.89     6.157
   9445.63     6.161
   9461.40     6.170
   9477.19     6.181
   9493.01     6.193
   9508.86     6.205
   9524.73     6.217
   9540.63     6.229
   9556.55     6.234
   9572.50     6.228
   9588.48     6.223
   9604.49     6.218
   9620.52     6.212
   9636.58     6.207
   9652.66     6.203
   9668.78     6.206
   9684.92     6.209
   9701.08     6.212
   9717.27     6.215
   9733.49     6.218
   9749.74     6.221
   9766.02     6.225
   9782.32     6.228
   9798.65     6.231
   9815.00     6.235
   9831.39     6.238
   9847.80     6.241
   9864.23     6.245
   9880.70     6.249
   9897.19     6.253
   9913.71     6.257
   9930.26     6.261
   9946.84     6.265
   9963.44     6.275
   9980.07     6.287
   9996.73     6.300
  10013.42     6.312
  10030.13     6.325
  10046.87     6.338
  10063.64     6.335
  10080.44     6.329
  10097.27     6.323
  10114.12     6.316
  10131.01     6.310
  10147.92     6.304
  10164.86     6.306
  10181.82     6.309
  10198.82     6.312
  10215.84     6.315
  10232.90     6.318
  10249.98     6.321
  10267.09     6.325
  10284.22     6.329
  10301.39     6.333
  10318.59     6.337
  10335.81     6.341
  10353.06     6.344
  10370.34     6.347
  10387.65     6.350
  10404.99     6.353
  10422.36     6.355
  10439.76     6.358
  10457.18     6.361
  10474.64     6.365
  10492.12     6.368
  10509.64     6.371
  10527.18     6.375
  10544.75     6.378
  10562.35     6.382
  10579.99     6.385
  10597.65     6.389
  10615.33     6.393
  10633.05     6.396
  10650.80     6.400
  10668.58     6.403
  10686.39     6.406
  10704.23     6.409
  10722.09     6.413
  10739.99     6.416
  10757.92     6.420
  10775.88     6.424
  10793.86     6.429
  10811.88     6.433
  10829.93     6.438
  10848.01     6.442
  10866.11     6.454
  10884.25     6.467
  10902.42     6.480
  10920.62     6.494
  10938.85     6.507
  10957.11     6.513
  10975.40     6.505
  10993.72     6.498
  11012.07     6.491
  11030.45     6.484
  11048.86     6.476
  11067.30     6.479
  11085.78     6.481
  11104.28     6.484
  11122.82     6.487
  11141.38     6.490
  11159.98     6.493
  11178.61     6.496
  11197.27     6.500
  11215.96     6.503
  11234.68     6.507
  11253.43     6.510
  11272.22     6.514
  11291.03     6.517
  11309.88     6.520
  11328.76     6.524
  11347.67     6.527
  11366.61     6.531
  11385.58     6.534
  11404.59     6.537
  11423.63     6.541
  11442.70     6.544
  11461.80     6.547
  11480.93     6.551
  11500.09     6.554
  11519.29     6.558
  11538.52     6.562
  11557.78     6.565
  11577.07     6.568
  11596.39     6.572
  11615.75     6.575
  11635.14     6.578
  11654.56     6.581
  11674.01     6.585
  11693.50     6.588
  11713.02     6.591
  11732.57     6.595
  11752.16     6.598
  11771.77     6.601
  11791.42     6.605
  11811.10     6.608
  11830.82     6.611
  11850.57     6.615
  11870.35     6.619
  11890.16     6.623
  11910.01     6.627
  11929.89     6.631
  11949.80     6.635
  11969.75     6.638
  11989.73     6.641
  12009.74     6.643
