    500.00     0.000
    500.83     0.000
    501.67     0.000
    502.51     0.000
    503.35     0.000
    504.19     0.000
    505.03     0.000
    505.87     0.000
    506.72     0.000
    507.56     0.000
    508.41     0.000
    509.26     0.000
    510.11     0.000
    510.96     0.000
    511.81     0.000
    512.67     0.000
    513.52     0.000
    514.38     0.000
    515.24     0.000
    516.10     0.000
    516.96     0.000
    517.82     0.000
    518.69     0.000
    519.55     0.000
    520.42     0.000
    521.29     0.000
    522.16     0.000
    523.03     0.000
    523.90     0.000
    524.78     0.000
    525.65     0.000
    526.53     0.000
    527.41     0.000
    528.29     0.000
    529.17     0.000
    530.06     0.000
    530.94     0.000
    531.83     0.000
    532.71     0.000
    533.60     0.000
    534.49     0.000
    535.39     0.000
    536.28     0.000
    537.18     0.000
    538.07     0.000
    538.97     0.000
    539.87     0.000
    540.77     0.000
    541.67    29.820
    542.58    29.749
    543.48    29.681
    544.39    29.617
    545.30    29.555
    546.21    29.495
    547.12    29.438
    548.03    29.382
    548.95    29.329
    549.87    29.277
    550.78    29.227
    551.70    29.179
    552.62    29.132
    553.55    29.086
    554.47    29.041
    555.40    28.998
    556.32    28.956
    557.25    28.914
    558.18    28.874
    559.11    28.835
    560.05    28.796
    560.98    28.758
    561.92    28.721
    562.86    28.685
    563.80    28.650
    564.74    28.594
    565.68    28.535
    566.62    28.478
    567.57    28.423
    568.52    28.370
    569.47    28.319
    570.42    28.269
    571.37    28.221
    572.32    28.175
    573.28    28.129
    574.23    28.085
    575.19    28.043
    576.15    28.001
    577.11    27.960
    578.08    27.920
    579.04    27.881
    580.01    27.843
    580.98    27.806
    581.95    27.770
    582.92    27.734
    583.89    27.699
    584.87    27.665
    585.84    27.631
    586.82    27.598
    587.80    27.533
    588.78    27.465
    589.76    27.399
    590.75    27.336
    591.73    27.276
    592.72    27.219
    593.71    27.163
    594.70    27.110
    595.70    27.058
    596.69    27.008
    597.69    26.960
    598.68    26.914
    599.68    26.868
    600.68    26.824
    601.69    26.781
    602.69    26.740
    603.70    26.699
    604.70    26.659
    605.71    26.621
    606.72    26.583
    607.74    26.546
    608.75    26.510
    609.77    26.474
    610.79    26.440
    611.81    26.406
    612.83    26.350
    613.85    26.292
    614.87    26.236
    615.90    26.182
    616.93    26.130
    617.96    26.080
    618.99    26.031
    620.02    25.984
    621.06    25.939
    622.09    25.894
    623.13    25.851
    624.17    25.810
    625.22    25.769
    626.26    25.729
    627.30    25.691
    628.35    25.653
    629.40    25.616
    630.45    25.580
    631.50    25.545
    632.56    25.510
    633.61    25.477
    634.67    25.444
    635.73    25.411
    636.79    25.379
    637.85    25.348
    638.92    25.317
    639.99    25.287
    641.05    25.229
    642.12    25.174
    643.20    25.120
    644.27    25.069
    645.34    25.019
    646.42    24.971
    647.50    24.924
    648.58    24.879
    649.66    24.835
    650.75    24.793
    651.84    24.752
    652.92    24.711
    654.01    24.672
    655.10    24.634
    656.20    24.597
    657.29    24.561
    658.39    24.525
    659.49    24.490
    660.59    24.456
    661.69    24.423
    662.80    24.390
    663.90    24.359
    665.01    24.327
    666.12    24.297
    667.23    24.266
    668.35    24.237
    669.46    24.208
    670.58    24.179
    671.70    24.133
    672.82    24.078
    673.94    24.025
    675.07    23.974
    676.20    23.925
    677.33    23.878
    678.46    23.832
    679.59    23.788
    680.72    23.745
    681.86    23.703
    683.00    23.662
    684.14    23.623
    685.28    23.584
    686.42    23.547
    687.57    23.510
    688.72    23.474
    689.87    23.440
    691.02    23.405
    692.17    23.372
    693.33    23.340
    694.48    23.308
    695.64    23.276
    696.80    23.246
    697.97    23.215
    699.13    23.186
    700.30    23.157
    701.47    23.128
    702.64    23.100
    703.81    23.073
    704.99    23.046
    706.16    22.997
    707.34    22.950
    708.52    22.905
    709.71    22.861
    710.89    22.818
    712.08    22.777
    713.27    22.736
    714.46    22.697
    715.65    22.659
    716.84    22.622
    718.04    22.586
    719.24    22.551
    720.44    22.516
    721.64    22.483
    722.85    22.450
    724.05    22.417
    725.26    22.386
    726.47    22.355
    727.68    22.325
    728.90    22.295
    730.12    22.266
    731.33    22.237
    732.56    22.209
    733.78    22.182
    735.00    22.155
    736.23    22.124
    737.46    22.076
    738.69    22.030
    739.92    21.986
    741.16    21.942
    742.40    21.901
    743.63    21.860
    744.88    21.821
    746.12    21.782
    747.36    21.745
    748.61    21.709
    749.86    21.673
    751.11    21.639
    752.37    21.605
    753.62    21.572
    754.88    21.540
    756.14    21.508
    757.40    21.477
    758.67    21.447
    759.93    21.417
    761.20    21.388
    762.47    21.360
    763.75    21.332
    765.02    21.304
    766.30    21.277
    767.58    21.251
    768.86    21.225
    770.14    21.197
    771.43    21.152
    772.71    21.108
    774.00    21.066
    775.30    21.025
    776.59    20.985
    777.89    20.947
    779.18    20.909
    780.49    20.873
    781.79    20.837
    783.09    20.803
    784.40    20.769
    785.71    20.736
    787.02    20.704
    788.34    20.672
    789.65    20.641
    790.97    20.611
    792.29    20.581
    793.61    20.552
    794.94    20.524
    796.26    20.496
    797.59    20.469
    798.92    20.442
    800.26    20.415
    801.59    20.389
    802.93    20.364
    804.27    20.339
    805.61    20.314
    806.96    20.290
    808.31    20.266
    809.66    20.243
    811.01    20.206
    812.36    20.166
    813.72    20.127
    815.07    20.089
    816.44    20.052
    817.80    20.016
    819.16    19.981
    820.53    19.947
    821.90    19.914
    823.27    19.881
    824.65    19.850
    826.02    19.819
    827.40    19.788
    828.78    19.759
    830.17    19.730
    831.55    19.701
    832.94    19.673
    834.33    19.646
    835.72    19.619
    837.12    19.593
    838.52    19.567
    839.91    19.541
    841.32    19.516
    842.72    19.492
    844.13    19.468
    845.54    19.444
    846.95    19.421
    848.36    19.398
    849.78    19.375
    851.20    19.338
    852.62    19.300
    854.04    19.262
    855.47    19.226
    856.89    19.191
    858.32    19.156
    859.76    19.123
    861.19    19.090
    862.63    19.058
    864.07    19.027
    865.51    18.997
    866.96    18.967
    868.40    18.938
    869.85    18.909
    871.31    18.881
    872.76    18.854
    874.22    18.827
    875.68    18.800
    877.14    18.774
    878.60    18.749
    880.07    18.724
    881.54    18.699
    883.01    18.675
    884.48    18.651
    885.96    18.628
    887.44    18.605
    888.92    18.583
    890.40    18.184
    891.89    17.388
    893.38    16.933
    894.87    16.612
    896.36    16.364
    897.86    16.161
    899.36    15.989
    900.86    15.839
    902.36    15.707
    903.87    15.589
    905.38    15.482
    906.89    15.384
    908.40    15.294
    909.92    15.210
    911.44    15.131
    912.96    15.058
    914.48    14.989
    916.01    14.923
    917.54    14.861
    919.07    14.803
    920.60    13.932
    922.14    12.996
    923.68    12.498
    925.22    12.157
    926.77    11.896
    928.31    11.685
    929.86    11.508
    931.42    11.354
    932.97    11.219
    934.53    11.099
    936.09    10.990
    937.65    10.890
    939.21    10.798
    940.78    10.682
    942.35    10.550
    943.93    10.432
    945.50    10.326
    947.08    10.229
    948.66    10.140
    950.24    10.057
    951.83     9.980
    953.42     9.908
    955.01     9.840
    956.60     9.775
    958.20     9.715
    959.80     9.657
    961.40     9.601
    963.01     9.543
    964.62     9.484
    966.23     9.428
    967.84     9.375
    969.45     9.324
    971.07     9.275
    972.69     9.228
    974.32     9.183
    975.94     9.140
    977.57     9.098
    979.20     9.057
    980.84     9.018
    982.48     8.980
    984.12     8.943
    985.76     8.907
    987.40     8.876
    989.05     8.858
    990.70     8.839
    992.36     8.821
    994.01     8.803
    995.67     8.785
    997.33     8.768
    999.00     8.750
   1000.67     8.733
   1002.34     8.716
   1004.01     8.700
   1005.69     8.683
   1007.36     8.667
   1009.05     8.650
   1010.73     8.635
   1012.42     8.617
   1014.11     8.596
   1015.80     8.575
   1017.50     8.554
   1019.19     8.534
   1020.90     8.514
   1022.60     8.494
   1024.31     8.475
   1026.02     8.455
   1027.73     8.436
   1029.44     8.418
   1031.16     8.399
   1032.88     8.381
   1034.61     8.363
   1036.33     8.345
   1038.06     8.321
   1039.80     8.292
   1041.53     8.264
   1043.27     8.236
   1045.01     8.209
   1046.76     8.183
   1048.51     8.157
   1050.26     8.132
   1052.01     8.107
   1053.76     8.083
   1055.52     8.059
   1057.29     8.036
   1059.05     8.013
   1060.82     7.990
   1062.59     7.978
   1064.36     7.987
   1066.14     7.995
   1067.92     8.004
   1069.70     8.012
   1071.49     8.021
   1073.28     8.030
   1075.07     8.039
   1076.86     8.049
   1078.66     8.058
   1080.46     8.068
   1082.26     8.077
   1084.07     8.087
   1085.88     8.097
   1087.69     8.088
   1089.51     8.050
   1091.32     8.013
   1093.15     7.977
   1094.97     7.942
   1096.80     7.908
   1098.63     7.875
   1100.46     7.843
   1102.30     7.811
   1104.14     7.781
   1105.98     7.751
   1107.83     7.722
   1109.68     7.694
   1111.53     7.666
   1113.39     7.647
   1115.24     7.630
   1117.11     7.613
   1118.97     7.597
   1120.84     7.581
   1122.71     7.565
   1124.58     7.549
   1126.46     7.533
   1128.34     7.518
   1130.22     7.502
   1132.11     7.487
   1134.00     7.472
   1135.90     7.457
   1137.79     7.444
   1139.69     7.432
   1141.59     7.421
   1143.50     7.409
   1145.41     7.398
   1147.32     7.387
   1149.23     7.376
   1151.15     7.365
   1153.07     7.354
   1155.00     7.343
   1155.80     7.349
   1157.00     7.298
   1158.00     7.363
   1159.20     7.343
   1160.40     7.322
   1161.60     7.281
   1162.80     7.296
   1164.00     7.305
   1165.20     7.328
   1166.40     7.339
   1167.60     7.298
   1168.80     7.304
   1169.80     7.343
   1171.00     7.417
   1172.20     7.462
   1173.40     7.529
   1174.60     7.557
   1175.80     7.485
   1177.00     7.419
   1178.20     7.374
   1179.40     7.305
   1180.40     7.253
   1181.60     7.206
   1182.80     7.178
   1184.00     7.175
   1185.20     7.209
   1186.40     7.261
   1187.60     7.303
   1188.80     7.379
   1190.00     7.436
   1191.20     7.435
   1192.20     7.460
   1193.40     7.551
   1194.60     7.569
   1195.80     7.567
   1197.00     7.593
   1198.20     7.665
   1199.40     7.790
   1200.60     7.939
   1201.80     8.105
   1203.00     8.352
   1204.00     8.641
   1205.20     8.967
   1206.40     9.213
   1207.60     9.308
   1208.80     9.496
   1210.00     9.667
   1211.20     9.807
   1212.40     9.992
   1213.60    10.075
   1214.80    10.067
   1215.80     9.910
   1217.00     9.592
   1218.20     9.327
   1219.40     8.917
   1220.60     8.593
   1221.80     8.320
   1223.00     8.069
   1224.20     7.918
   1225.40     7.805
   1226.60     7.717
   1227.60     7.643
   1228.80     7.561
   1230.00     7.493
   1231.20     7.437
   1232.40     7.378
   1233.60     7.339
   1234.80     7.283
   1236.00     7.214
   1237.20     7.175
   1238.40     7.140
   1239.40     7.109
   1240.60     7.089
   1241.80     7.094
   1243.00     7.084
   1244.20     7.119
   1245.40     7.135
   1246.60     7.148
   1247.80     7.172
   1249.00     7.163
   1250.20     7.149
   1251.20     7.135
   1252.40     7.097
   1253.60     7.079
   1254.80     7.094
   1256.00     7.122
   1257.20     7.183
   1258.40     7.249
   1259.60     7.274
   1260.80     7.251
   1262.00     7.268
   1263.00     7.263
   1264.20     7.230
   1265.40     7.198
   1266.60     7.123
   1267.80     7.079
   1269.00     7.059
   1270.20     7.040
   1271.40     7.056
   1272.60     7.057
   1273.60     7.057
   1274.80     7.076
   1276.00     7.104
   1277.20     7.083
   1278.40     7.047
   1279.60     7.009
   1280.80     7.003
   1282.00     6.986
   1283.20     6.998
   1284.40     6.994
   1285.40     7.001
   1286.60     7.015
   1287.80     7.034
   1289.00     7.045
   1290.20     7.089
   1291.40     7.136
   1292.60     7.163
   1293.80     7.237
   1295.00     7.277
   1296.20     7.325
   1297.20     7.350
   1298.40     7.389
   1299.60     7.424
   1300.80     7.428
   1302.00     7.439
   1303.20     7.459
   1304.40     7.436
   1305.60     7.394
   1306.80     7.325
   1308.00     7.276
   1309.00     7.238
   1310.20     7.158
   1311.40     7.096
   1312.60     7.017
   1313.80     6.991
   1315.00     6.974
   1316.20     6.948
   1317.40     6.949
   1318.60     6.953
   1319.80     6.967
   1320.80     6.995
   1322.00     6.996
   1323.20     7.006
   1324.40     7.037
   1325.60     7.031
   1326.80     7.061
   1328.00     7.060
   1329.20     7.091
   1330.40     7.136
   1331.60     7.210
   1332.60     7.265
   1333.80     7.340
   1335.00     7.341
   1336.20     7.237
   1337.40     7.117
   1338.60     7.047
   1339.80     7.030
   1341.00     7.029
   1342.20     7.025
   1343.40     7.010
   1344.40     7.001
   1345.60     7.008
   1346.80     7.003
   1348.00     6.995
   1349.20     7.008
   1350.40     7.016
   1351.60     7.002
   1352.80     7.008
   1354.00     7.006
   1355.20     6.990
   1356.20     6.992
   1357.40     6.991
   1358.60     6.997
   1359.80     7.026
   1361.00     7.038
   1362.20     7.059
   1363.40     7.075
   1364.60     7.074
   1365.80     7.068
   1366.80     7.080
   1368.00     7.093
   1369.20     7.080
   1370.40     7.074
   1371.60     7.070
   1372.80     7.056
   1374.00     7.073
   1375.20     7.079
   1376.40     7.076
   1377.60     7.083
   1378.60     7.112
   1379.80     7.095
   1381.00     7.084
   1382.20     7.103
   1383.40     7.120
   1384.60     7.098
   1385.80     7.105
   1387.00     7.102
   1388.20     7.118
   1389.40     7.150
   1390.40     7.192
   1391.60     7.235
   1392.80     7.284
   1394.00     7.264
   1395.20     7.232
   1396.40     7.214
   1397.60     7.152
   1398.80     7.133
   1400.00     7.155
   1401.20     7.175
   1402.20     7.199
   1403.40     7.183
   1404.60     7.146
   1405.80     7.124
   1407.00     7.139
   1408.20     7.146
   1409.40     7.146
   1410.60     7.148
   1411.80     7.140
   1413.00     7.138
   1414.00     7.148
   1415.20     7.150
   1416.40     7.150
   1417.60     7.153
   1418.80     7.141
   1420.00     7.134
   1421.20     7.110
   1422.40     7.101
   1423.60     7.094
   1424.80     7.088
   1425.80     7.066
   1427.00     7.076
   1428.20     7.072
   1429.40     7.062
   1430.60     7.075
   1431.80     7.072
   1433.00     7.080
   1434.20     7.101
   1435.40     7.081
   1436.60     7.066
   1437.60     7.052
   1438.80     7.031
   1440.00     7.022
   1441.20     7.020
   1442.40     7.010
   1443.60     7.017
   1444.80     7.027
   1446.00     7.021
   1447.20     7.003
   1448.40     7.006
   1449.40     7.000
   1450.60     6.994
   1451.80     7.003
   1453.00     6.996
   1454.20     6.997
   1455.40     6.990
   1456.60     6.980
   1457.80     6.988
   1459.00     6.979
   1460.00     6.975
   1461.20     6.986
   1462.40     6.992
   1463.60     7.012
   1464.80     7.017
   1466.00     7.014
   1467.20     7.019
   1468.40     7.027
   1469.60     7.028
   1470.80     7.013
   1471.80     7.021
   1473.00     7.016
   1474.20     7.012
   1475.40     7.020
   1476.60     7.003
   1477.80     6.982
   1479.00     6.982
   1480.20     6.970
   1481.40     6.982
   1482.60     7.014
   1483.60     7.017
   1484.80     7.020
   1486.00     6.995
   1487.20     6.965
   1488.40     6.955
   1489.60     6.957
   1490.80     6.963
   1492.00     6.982
   1493.20     7.001
   1494.40     7.000
   1495.40     6.987
   1496.60     6.981
   1497.80     6.997
   1499.00     7.025
   1500.20     7.035
   1501.40     7.043
   1502.60     7.047
   1503.80     7.036
   1505.00     7.029
   1506.20     7.036
   1507.20     7.032
   1508.40     7.028
   1509.60     7.052
   1510.80     7.069
   1512.00     7.071
   1513.20     7.083
   1514.40     7.086
   1515.60     7.074
   1516.80     7.065
   1518.00     7.057
   1519.00     7.036
   1520.20     7.028
   1521.40     7.021
   1522.60     6.997
   1523.80     7.033
   1525.00     7.069
   1526.20     7.111
   1527.40     7.119
   1528.60     7.135
   1529.80     7.128
   1530.80     7.149
   1532.00     7.149
   1533.20     7.148
   1534.40     7.134
   1535.60     7.135
   1536.80     7.134
   1538.00     7.127
   1539.20     7.115
   1540.40     7.110
   1541.40     7.108
   1542.60     7.090
   1543.80     7.098
   1545.00     7.121
   1546.20     7.119
   1547.40     7.126
   1548.60     7.152
   1549.80     7.151
   1551.00     7.126
   1552.20     7.115
   1553.20     7.098
   1554.40     7.092
   1555.60     7.087
   1556.80     7.083
   1558.00     7.092
   1559.20     7.119
   1560.40     7.121
   1561.60     7.117
   1562.80     7.147
   1564.00     7.130
   1565.00     7.100
   1566.20     7.078
   1567.40     7.086
   1568.60     7.096
   1569.80     7.086
   1571.00     7.083
   1572.20     7.085
   1573.40     7.071
   1574.60     7.075
   1575.80     7.069
   1576.80     7.059
   1578.00     7.077
   1579.20     7.086
   1580.40     7.076
   1581.60     7.068
   1582.80     7.051
   1584.00     7.043
   1585.20     7.035
   1586.40     7.037
   1587.60     7.016
   1588.60     7.011
   1589.80     7.016
   1591.00     7.038
   1592.20     7.051
   1593.40     7.060
   1594.60     7.070
   1595.80     7.066
   1597.00     7.062
   1598.20     7.052
   1599.40     7.046
   1600.40     7.066
   1601.60     7.098
   1602.80     7.096
   1604.00     7.101
   1605.20     7.102
   1606.40     7.099
   1607.60     7.113
   1608.80     7.121
   1610.00     7.115
   1611.20     7.107
   1612.20     7.093
   1613.40     7.082
   1614.60     7.059
   1615.80     7.048
   1617.00     7.049
   1618.20     7.044
   1619.40     7.042
   1620.60     7.053
   1621.80     7.068
   1623.00     7.067
   1624.00     7.048
   1625.20     7.053
   1626.40     7.051
   1627.60     7.030
   1628.80     7.045
   1630.00     7.051
   1631.20     7.047
   1632.40     7.040
   1633.60     7.044
   1634.60     7.049
   1635.80     7.056
   1637.00     7.055
   1638.20     7.035
   1639.40     7.048
   1640.60     7.046
   1641.80     7.048
   1643.00     7.048
   1644.20     7.028
   1645.40     7.012
   1646.40     7.010
   1647.60     7.014
   1648.80     7.017
   1650.00     7.024
   1651.20     7.033
   1652.40     7.031
   1653.60     7.033
   1654.80     7.045
   1656.00     7.047
   1657.20     7.049
   1658.20     7.061
   1659.40     7.040
   1660.60     7.033
   1661.80     7.011
   1663.00     7.028
   1664.20     7.023
   1665.40     7.023
   1666.60     7.032
   1667.80     7.020
   1669.00     7.038
   1670.00     7.048
   1671.20     7.043
   1672.40     7.051
   1673.60     7.050
   1674.80     7.040
   1676.00     7.034
   1677.20     7.016
   1678.40     7.001
   1679.60     7.002
   1680.80     6.995
   1681.80     6.992
   1683.00     6.989
   1684.20     6.990
   1685.40     6.993
   1686.60     7.001
   1687.80     6.983
   1689.00     6.985
   1690.20     6.998
   1691.40     7.002
   1692.60     7.003
   1693.60     7.001
   1694.80     6.991
   1696.00     6.997
   1697.20     6.998
   1698.40     6.999
   1699.60     6.994
   1700.80     6.998
   1702.00     7.010
   1703.20     7.025
   1704.40     7.032
   1705.40     7.036
   1706.60     7.043
   1707.80     7.065
   1709.00     7.071
   1710.20     7.071
   1711.40     7.067
   1712.60     7.058
   1713.80     7.054
   1715.00     7.057
   1716.20     7.071
   1717.20     7.088
   1718.40     7.090
   1719.60     7.114
   1720.80     7.127
   1722.00     7.129
   1723.20     7.138
   1724.40     7.109
   1725.60     7.082
   1726.80     7.062
   1727.80     7.029
   1729.00     7.020
   1730.20     7.013
   1731.40     7.008
   1732.60     7.013
   1733.80     7.008
   1735.00     7.002
   1736.20     6.997
   1737.40     7.007
   1738.60     7.017
   1739.60     7.013
   1740.80     7.013
   1742.00     7.019
   1743.20     7.016
   1744.40     7.013
   1745.60     7.017
   1746.80     7.017
   1748.00     7.034
   1749.20     7.046
   1750.40     7.038
   1751.40     7.023
   1752.60     6.997
   1753.80     6.982
   1755.00     6.980
   1756.20     6.987
   1757.40     6.991
   1758.60     6.989
   1759.80     7.014
   1761.00     7.033
   1762.20     7.027
   1763.20     7.025
   1764.40     7.015
   1765.60     7.002
   1766.80     6.989
   1768.00     6.980
   1769.20     6.994
   1770.40     7.006
   1771.60     7.010
   1772.80     7.020
   1774.00     7.026
   1775.00     7.028
   1776.20     7.023
   1777.40     7.009
   1778.60     6.993
   1779.80     6.984
   1781.00     6.982
   1782.20     6.977
   1783.40     6.970
   1784.60     6.980
   1785.80     6.997
   1786.80     7.007
   1788.00     7.011
   1789.20     7.021
   1790.40     6.997
   1791.60     6.981
   1792.80     6.963
   1794.00     6.947
   1795.20     6.964
   1796.40     6.961
   1797.60     6.958
   1798.60     6.952
   1799.80     6.947
   1801.00     6.943
   1802.20     6.948
   1803.40     6.941
   1804.60     6.954
   1805.80     6.962
   1807.00     6.970
   1808.20     6.971
   1809.40     6.972
   1810.40     6.973
   1811.60     6.980
   1812.80     6.991
   1814.00     6.988
   1815.20     6.990
   1816.40     6.994
   1817.60     6.993
   1818.80     6.989
   1820.00     6.985
   1821.00     6.983
   1822.20     6.976
   1823.40     6.986
   1824.60     6.982
   1825.80     6.979
   1827.00     6.984
   1828.20     6.995
   1829.40     7.000
   1830.60     7.004
   1831.80     7.008
   1832.80     7.011
   1834.00     7.010
   1835.20     7.013
   1836.40     7.018
   1837.60     7.011
   1838.80     7.020
   1840.00     7.040
   1841.20     7.052
   1842.40     7.055
   1843.60     7.061
   1844.60     7.066
   1845.80     7.065
   1847.00     7.070
   1848.20     7.082
   1849.40     7.093
   1850.60     7.105
   1851.80     7.124
   1853.00     7.141
   1854.20     7.151
   1855.40     7.149
   1856.40     7.135
   1857.60     7.126
   1858.80     7.113
   1860.00     7.109
   1861.20     7.110
   1862.40     7.110
   1863.60     7.110
   1864.80     7.092
   1866.00     7.069
   1867.20     7.052
   1868.20     7.026
   1869.40     7.014
   1870.60     7.006
   1871.80     6.998
   1873.00     6.993
   1874.20     6.993
   1875.40     6.991
   1876.60     6.999
   1877.80     7.006
   1879.00     7.025
   1880.00     7.043
   1881.20     7.047
   1882.40     7.057
   1883.60     7.073
   1884.80     7.089
   1886.00     7.103
   1887.20     7.114
   1888.40     7.118
   1889.60     7.131
   1890.80     7.139
   1891.80     7.141
   1893.00     7.145
   1894.20     7.137
   1895.40     7.117
   1896.60     7.098
   1897.80     7.092
   1899.00     7.084
   1900.20     7.084
   1901.40     7.092
   1902.40     7.092
   1903.60     7.100
   1904.80     7.105
   1906.00     7.103
   1907.20     7.098
   1908.40     7.092
   1909.60     7.094
   1910.80     7.096
   1912.00     7.106
   1913.20     7.112
   1914.20     7.115
   1915.40     7.117
   1916.60     7.117
   1917.80     7.110
   1919.00     7.108
   1920.20     7.109
   1921.40     7.102
   1922.60     7.106
   1923.80     7.106
   1925.00     7.126
   1926.00     7.147
   1927.20     7.156
   1928.40     7.135
   1929.60     7.117
   1930.80     7.103
   1932.00     7.087
   1933.20     7.107
   1934.40     7.098
   1935.60     7.100
   1936.80     7.106
   1937.80     7.101
   1939.00     7.101
   1940.20     7.090
   1941.40     7.080
   1942.60     7.068
   1943.80     7.066
   1945.00     7.068
   1946.20     7.070
   1947.40     7.072
   1948.60     7.074
   1949.60     7.088
   1950.80     7.100
   1952.00     7.104
   1953.20     7.102
   1954.40     7.093
   1955.60     7.086
   1956.80     7.081
   1958.00     7.097
   1959.20     7.086
   1960.40     7.081
   1961.40     7.085
   1962.60     7.074
   1963.80     7.070
   1965.00     7.064
   1966.20     7.058
   1967.40     7.047
   1968.60     7.032
   1969.80     7.021
   1970.20     7.029
   1972.00     6.991
   1973.80     6.976
   1975.80     6.955
   1977.60     6.971
   1979.40     6.982
   1981.40     6.981
   1983.20     6.978
   1985.00     6.972
   1987.00     6.995
   1988.80     6.985
   1990.60     7.012
   1992.60     7.031
   1994.40     7.025
   1996.20     7.024
   1998.20     7.082
   2000.00     7.049
   2001.80     7.041
   2003.80     7.008
   2005.60     7.002
   2007.40     7.038
   2009.40     7.037
   2011.20     7.006
   2013.20     7.001
   2015.00     7.007
   2016.80     7.017
   2018.80     7.002
   2020.60     6.994
   2022.40     6.963
   2024.40     6.976
   2026.20     6.993
   2028.00     7.002
   2030.00     7.009
   2031.80     7.001
   2033.60     7.016
   2035.60     7.029
   2037.40     7.027
   2039.20     7.030
   2041.20     7.021
   2043.00     7.005
   2044.80     7.028
   2046.80     7.005
   2048.60     7.008
   2050.40     7.020
   2052.40     7.047
   2054.20     7.033
   2056.00     7.035
   2058.00     7.034
   2059.80     7.032
   2061.80     7.040
   2063.60     7.052
   2065.40     7.034
   2067.40     7.020
   2069.20     7.031
   2071.00     7.034
   2073.00     7.030
   2074.80     7.027
   2076.60     7.020
   2078.60     6.986
   2080.40     6.978
   2082.20     7.011
   2084.20     7.025
   2086.00     7.034
   2087.80     7.020
   2089.80     7.012
   2091.60     7.002
   2093.40     7.018
   2095.40     7.073
   2097.20     7.067
   2099.00     7.053
   2101.00     7.052
   2102.80     7.057
   2104.80     7.060
   2106.60     7.057
   2108.40     7.034
   2110.40     7.012
   2112.20     6.984
   2114.00     7.029
   2116.00     7.016
   2117.80     7.053
   2119.60     7.071
   2121.60     7.043
   2123.40     7.043
   2125.20     7.036
   2127.20     6.961
   2129.00     6.964
   2130.80     7.022
   2132.80     7.027
   2134.60     7.044
   2136.40     7.022
   2138.40     7.012
   2140.20     7.053
   2142.00     7.062
   2144.00     7.056
   2145.80     7.064
   2147.60     7.037
   2149.60     7.064
   2151.40     7.069
   2153.40     7.049
   2155.20     7.022
   2157.00     7.037
   2159.00     7.044
   2160.80     7.051
   2162.60     7.053
   2164.60     7.059
   2166.40     7.085
   2168.20     7.101
   2170.20     7.050
   2172.00     7.069
   2173.80     7.079
   2175.80     7.056
   2177.60     7.046
   2179.40     7.084
   2181.40     7.076
   2183.20     7.073
   2185.00     7.048
   2187.00     7.030
   2188.80     7.011
   2190.60     7.057
   2192.60     7.132
   2194.40     7.065
   2196.20     7.063
   2198.20     7.027
   2200.00     7.026
   2202.00     7.051
   2203.80     7.043
   2205.60     7.041
   2207.60     7.036
   2209.40     7.060
   2211.20     7.088
   2213.20     7.090
   2215.00     7.056
   2216.80     7.028
   2218.80     7.067
   2220.60     7.097
   2222.40     7.108
   2224.40     7.098
   2226.20     7.063
   2228.00     7.063
   2230.00     7.088
   2231.80     7.081
   2233.60     7.065
   2235.60     7.067
   2237.40     7.076
   2239.20     7.040
   2241.20     7.052
   2243.00     7.099
   2245.00     7.090
   2246.80     7.084
   2248.60     7.078
   2250.60     7.039
   2252.40     7.073
   2254.20     7.039
   2256.20     7.019
   2258.00     7.028
   2259.80     7.033
   2261.80     7.046
   2263.60     7.044
   2265.40     7.035
   2267.40     7.037
   2269.20     7.031
   2271.00     7.037
   2273.00     7.015
   2274.80     6.966
   2276.60     6.970
   2278.60     7.031
   2280.40     7.023
   2282.20     7.034
   2284.20     7.038
   2286.00     7.024
   2287.80     7.024
   2289.80     7.020
   2291.60     7.047
   2293.60     7.026
   2295.40     6.985
   2297.20     6.986
   2299.20     7.029
   2301.00     7.049
   2302.80     7.070
   2304.80     7.028
   2306.60     7.003
   2308.40     6.988
   2310.40     6.973
   2312.20     6.998
   2314.00     6.991
   2316.00     6.980
   2317.80     6.979
   2319.60     7.001
   2321.60     7.011
   2323.40     6.999
   2325.20     7.001
   2327.20     7.015
   2329.00     7.009
   2330.80     7.013
   2332.80     7.029
   2334.60     6.990
   2336.40     6.982
   2338.40     6.989
   2340.20     7.017
   2342.20     7.044
   2344.00     7.031
   2345.80     7.055
   2347.80     7.049
   2349.60     6.990
   2351.40     6.975
   2353.40     6.987
   2355.20     7.021
   2357.00     7.006
   2359.00     6.973
   2360.80     6.969
   2362.60     7.011
   2364.60     7.016
   2366.40     7.011
   2368.20     6.992
   2370.20     6.979
   2372.00     6.998
   2373.80     7.002
   2375.80     7.003
   2377.60     7.013
   2379.40     7.042
   2381.40     7.026
   2383.20     7.016
   2385.20     7.055
   2387.00     7.039
   2388.80     7.003
   2390.80     6.997
   2392.60     6.996
   2394.40     6.982
   2396.40     7.000
   2398.20     7.003
   2400.00     7.001
   2402.00     6.979
   2403.80     6.975
   2405.60     6.993
   2407.60     6.986
   2409.40     6.967
   2411.20     6.970
   2413.20     6.976
   2415.00     7.001
   2416.80     6.998
   2418.80     6.965
   2420.60     6.954
   2422.40     6.973
   2424.40     6.980
   2426.20     6.966
   2428.00     6.958
   2430.00     6.947
   2431.80     6.952
   2433.80     6.954
   2435.60     6.967
   2437.40     6.984
   2439.40     6.955
   2441.20     6.930
   2443.00     6.935
   2445.00     6.946
   2446.80     6.943
   2448.60     6.944
   2450.60     6.936
   2452.40     6.902
   2454.20     6.899
   2456.20     6.905
   2458.00     6.935
   2459.80     6.931
   2461.80     6.926
   2463.60     6.940
   2465.40     6.935
   2467.40     6.942
   2469.20     6.928
   2471.00     6.941
   2473.00     6.968
   2474.80     6.965
   2476.60     6.943
   2478.60     6.918
   2480.40     6.907
   2482.40     6.931
   2484.20     6.963
   2486.00     6.955
   2488.00     6.921
   2489.80     6.913
   2491.60     6.931
   2493.60     6.957
   2495.40     6.939
   2497.20     6.921
   2499.20     6.924
   2501.00     6.905
   2502.80     6.897
   2504.80     6.907
   2506.60     6.912
   2508.40     6.919
   2510.40     6.917
   2512.20     6.933
   2514.00     6.945
   2516.00     6.934
   2517.80     6.923
   2519.60     6.917
   2521.60     6.940
   2523.40     6.963
   2525.40     6.977
   2527.20     6.967
   2529.00     6.960
   2531.00     6.952
   2532.80     6.940
   2534.60     6.917
   2536.60     6.959
   2538.40     6.982
   2540.20     6.983
   2542.20     6.966
   2544.00     6.957
   2545.80     6.959
   2547.80     6.960
   2549.60     6.944
   2551.40     6.934
   2553.40     6.939
   2555.20     6.945
   2557.00     6.941
   2559.00     6.920
   2560.80     6.929
   2562.60     6.919
   2564.60     6.923
   2566.40     6.934
   2568.20     6.925
   2570.20     6.909
   2572.00     6.906
   2574.00     6.909
   2575.80     6.912
   2577.60     6.913
   2579.60     6.891
   2581.40     6.885
   2583.20     6.897
   2585.20     6.911
   2587.00     6.929
   2588.80     6.950
   2590.80     6.933
   2592.60     6.911
   2594.40     6.907
   2596.40     6.903
   2598.20     6.897
   2600.00     6.934
   2602.00     6.961
   2603.80     6.957
   2605.60     6.947
   2607.60     6.944
   2609.40     6.948
   2611.20     6.945
   2613.20     6.933
   2615.00     6.906
   2616.80     6.905
   2618.80     6.929
   2620.60     6.935
   2622.60     6.899
   2624.40     6.879
   2626.20     6.894
   2628.20     6.913
   2630.00     6.932
   2631.80     6.932
   2633.80     6.920
   2635.60     6.902
   2637.40     6.879
   2639.40     6.877
   2641.20     6.901
   2643.00     6.915
   2645.00     6.893
   2646.80     6.909
   2648.60     6.903
   2650.60     6.890
   2652.40     6.860
   2654.20     6.853
   2656.20     6.864
   2658.00     6.872
   2659.80     6.881
   2661.80     6.882
   2663.60     6.884
   2665.60     6.894
   2667.40     6.901
   2669.20     6.901
   2671.20     6.893
   2673.00     6.886
   2674.80     6.885
   2676.80     6.883
   2678.60     6.859
   2680.40     6.860
   2682.40     6.877
   2684.20     6.880
   2686.00     6.866
   2688.00     6.869
   2689.80     6.875
   2691.60     6.885
   2693.60     6.898
   2695.40     6.899
   2697.20     6.903
   2699.20     6.907
   2701.00     6.904
   2702.80     6.895
   2704.80     6.878
   2706.60     6.876
   2708.40     6.894
   2710.40     6.892
   2712.20     6.892
   2714.20     6.900
   2716.00     6.900
   2717.80     6.899
   2719.80     6.889
   2721.60     6.889
   2723.40     6.891
   2725.40     6.902
   2727.20     6.902
   2729.00     6.892
   2731.00     6.883
   2732.80     6.879
   2734.60     6.872
   2736.60     6.852
   2738.40     6.865
   2740.20     6.892
   2742.20     6.920
   2744.00     6.931
   2745.80     6.923
   2747.80     6.912
   2749.60     6.913
   2751.40     6.908
   2753.40     6.904
   2755.20     6.904
   2757.00     6.906
   2759.00     6.902
   2760.80     6.898
   2762.80     6.894
   2764.60     6.895
   2766.40     6.894
   2768.40     6.893
   2770.20     6.903
   2772.00     6.901
   2774.00     6.893
   2775.80     6.895
   2777.60     6.901
   2779.60     6.904
   2781.40     6.904
   2783.20     6.903
   2785.20     6.913
   2787.00     6.920
   2788.80     6.915
   2790.80     6.932
   2792.60     6.944
   2794.40     6.953
   2796.40     6.990
   2798.20     7.021
   2800.00     7.006
   2802.00     6.989
   2803.80     6.991
   2805.80     6.981
   2807.60     6.945
   2809.40     6.898
   2811.40     6.874
   2813.20     6.866
   2815.00     6.858
   2817.00     6.862
   2818.80     6.873
   2820.60     6.868
   2822.60     6.863
   2824.40     6.869
   2826.20     6.872
   2828.20     6.874
   2830.00     6.886
   2831.80     6.904
   2833.80     6.901
   2835.60     6.884
   2837.40     6.900
   2839.40     6.908
   2841.20     6.902
   2843.00     6.894
   2845.00     6.891
   2846.80     6.904
   2848.60     6.893
   2850.60     6.889
   2852.40     6.888
   2854.40     6.904
   2856.20     6.901
   2858.00     6.887
   2860.00     6.875
   2861.80     6.873
   2863.60     6.891
   2865.60     6.903
   2867.40     6.897
   2869.20     6.890
   2871.20     6.890
   2873.00     6.887
   2874.80     6.883
   2876.80     6.882
   2878.60     6.882
   2880.40     6.892
   2882.40     6.895
   2884.20     6.903
   2886.00     6.903
   2888.00     6.887
   2889.80     6.880
   2891.60     6.876
   2893.60     6.888
   2895.40     6.888
   2897.20     6.878
   2899.20     6.885
   2901.00     6.902
   2903.00     6.894
   2904.80     6.890
   2906.60     6.887
   2908.60     6.893
   2910.40     6.887
   2912.20     6.895
   2914.20     6.894
   2916.00     6.891
   2917.80     6.896
   2919.80     6.890
   2921.60     6.875
   2923.40     6.886
   2925.40     6.895
   2927.20     6.900
   2929.00     6.892
   2931.00     6.884
   2932.80     6.883
   2934.60     6.898
   2936.60     6.908
   2938.40     6.891
   2940.20     6.890
   2942.20     6.899
   2944.00     6.902
   2946.00     6.913
   2947.80     6.922
   2949.60     6.907
   2951.60     6.901
   2953.40     6.886
   2955.20     6.883
   2957.20     6.863
   2959.00     6.858
   2960.80     6.860
   2962.80     6.876
   2964.60     6.884
   2966.40     6.881
   2968.40     6.864
   2970.20     6.868
   2972.00     6.871
   2974.00     6.879
   2975.80     6.878
   2977.60     6.884
   2979.60     6.879
   2981.40     6.875
   2983.20     6.872
   2985.20     6.884
   2987.00     6.879
   2988.80     6.880
   2990.80     6.880
   2992.60     6.885
   2994.60     6.895
   2996.40     6.893
   2998.20     6.879
   3000.20     6.873
   3002.00     6.879
   3003.80     6.878
   3005.80     6.868
   3007.60     6.861
   3009.40     6.853
   3011.40     6.858
   3013.20     6.865
   3015.00     6.871
   3017.00     6.868
   3018.80     6.861
   3020.60     6.849
   3022.60     6.856
   3024.40     6.867
   3026.20     6.864
   3028.20     6.858
   3030.00     6.847
   3031.80     6.832
   3033.80     6.851
   3035.60     6.859
   3037.40     6.855
   3039.40     6.859
   3041.20     6.859
   3043.20     6.858
   3045.00     6.853
   3046.80     6.857
   3048.80     6.842
   3050.60     6.845
   3052.40     6.850
   3054.40     6.868
   3056.20     6.872
   3058.00     6.871
   3060.00     6.873
   3061.80     6.886
   3063.60     6.894
   3065.60     6.876
   3067.40     6.858
   3069.20     6.856
   3071.20     6.858
   3073.00     6.863
   3074.80     6.870
   3076.80     6.877
   3078.60     6.867
   3080.40     6.855
   3082.40     6.854
   3084.20     6.853
   3086.20     6.854
   3088.00     6.864
   3089.80     6.869
   3091.80     6.869
   3093.60     6.868
   3095.40     6.871
   3097.40     6.887
   3099.20     6.868
   3101.00     6.851
   3103.00     6.866
   3104.80     6.862
   3106.60     6.840
   3108.60     6.838
   3110.40     6.853
   3112.20     6.870
   3114.20     6.873
   3116.00     6.875
   3117.80     6.870
   3119.80     6.876
   3121.60     6.869
   3123.40     6.874
   3125.40     6.873
   3127.20     6.868
   3129.00     6.860
   3131.00     6.858
   3132.80     6.860
   3134.80     6.850
   3136.60     6.857
   3138.40     6.862
   3140.40     6.850
   3142.20     6.865
   3144.00     6.880
   3146.00     6.882
   3147.80     6.865
   3149.60     6.867
   3151.60     6.847
   3153.40     6.848
   3155.20     6.860
   3157.20     6.842
   3159.00     6.844
   3160.80     6.861
   3162.80     6.863
   3164.60     6.847
   3166.40     6.842
   3168.40     6.867
   3170.20     6.882
   3172.00     6.872
   3174.00     6.878
   3175.80     6.900
   3177.60     6.902
   3179.60     6.901
   3181.40     6.879
   3183.40     6.867
   3185.20     6.880
   3187.00     6.898
   3189.00     6.906
   3190.80     6.902
   3192.60     6.884
   3194.60     6.868
   3196.40     6.860
   3198.20     6.864
   3205.30     6.807
   3210.65     6.803
   3216.01     6.803
   3221.38     6.805
   3226.75     6.806
   3232.14     6.807
   3237.53     6.808
   3242.94     6.807
   3248.35     6.807
   3253.77     6.806
   3259.20     6.805
   3264.64     6.805
   3270.09     6.805
   3275.55     6.805
   3281.02     6.805
   3286.50     6.805
   3291.98     6.805
   3297.48     6.804
   3302.98     6.803
   3308.50     6.802
   3314.02     6.802
   3319.55     6.803
   3325.09     6.804
   3330.64     6.805
   3336.20     6.806
   3341.77     6.807
   3347.35     6.808
   3352.93     6.809
   3358.53     6.809
   3364.14     6.810
   3369.75     6.809
   3375.38     6.808
   3381.01     6.808
   3386.66     6.807
   3392.31     6.808
   3397.97     6.808
   3403.64     6.809
   3409.32     6.809
   3415.01     6.809
   3420.72     6.808
   3426.43     6.808
   3432.15     6.807
   3437.87     6.806
   3443.61     6.807
   3449.36     6.808
   3455.12     6.809
   3460.89     6.810
   3466.66     6.810
   3472.45     6.810
   3478.25     6.810
   3484.05     6.810
   3489.87     6.810
   3495.69     6.810
   3501.53     6.810
   3507.37     6.810
   3513.23     6.810
   3519.09     6.811
   3524.97     6.811
   3530.85     6.811
   3536.74     6.811
   3542.65     6.812
   3548.56     6.813
   3554.48     6.814
   3560.42     6.815
   3566.36     6.816
   3572.31     6.817
   3578.27     6.818
   3584.25     6.820
   3590.23     6.820
   3596.22     6.820
   3602.23     6.821
   3608.24     6.821
   3614.26     6.821
   3620.29     6.821
   3626.34     6.822
   3632.39     6.823
   3638.46     6.823
   3644.53     6.823
   3650.61     6.822
   3656.71     6.822
   3662.81     6.824
   3668.92     6.832
   3675.05     6.840
   3681.18     6.848
   3687.33     6.854
   3693.48     6.824
   3699.65     6.795
   3705.82     6.766
   3712.01     6.738
   3718.20     6.689
   3724.41     6.641
   3730.63     6.596
   3736.85     6.552
   3743.09     6.550
   3749.34     6.550
   3755.60     6.549
   3761.87     6.549
   3768.15     6.506
   3774.44     6.464
   3780.74     6.423
   3787.05     6.384
   3793.37     6.363
   3799.70     6.342
   3806.04     6.321
   3812.40     6.303
   3818.76     6.334
   3825.14     6.366
   3831.52     6.399
   3837.92     6.420
   3844.32     6.366
   3850.74     6.314
   3857.17     6.265
   3863.60     6.242
   3870.05     6.294
   3876.51     6.348
   3882.98     6.405
   3889.47     6.420
   3895.96     6.364
   3902.46     6.310
   3908.98     6.259
   3915.50     6.237
   3922.04     6.239
   3928.58     6.242
   3935.14     6.244
   3941.71     6.278
   3948.29     6.327
   3954.88     6.377
   3961.48     6.431
   3968.09     6.396
   3974.72     6.356
   3981.35     6.317
   3988.00     6.283
   3994.65     6.276
   4001.32     6.269
   4008.00     6.262
   4014.69     6.259
   4021.39     6.262
   4028.10     6.265
   4034.83     6.268
   4041.56     6.269
   4048.31     6.267
   4055.07     6.266
   4061.84     6.265
   4068.62     6.279
   4075.41     6.294
   4082.21     6.309
   4089.02     6.330
   4095.85     6.365
   4102.69     6.401
   4109.54     6.439
   4116.40     6.425
   4123.27     6.383
   4130.15     6.343
   4137.04     6.305
   4143.95     6.302
   4150.87     6.299
   4157.79     6.296
   4164.73     6.295
   4171.69     6.295
   4178.65     6.295
   4185.62     6.296
   4192.61     6.297
   4199.61     6.298
   4206.62     6.300
   4213.64     6.301
   4220.67     6.304
   4227.72     6.306
   4234.78     6.308
   4241.85     6.312
   4248.93     6.316
   4256.02     6.320
   4263.12     6.324
   4270.24     6.324
   4277.37     6.324
   4284.51     6.323
   4291.66     6.326
   4298.82     6.329
   4306.00     6.333
   4313.19     6.345
   4320.38     6.401
   4327.60     6.461
   4334.82     6.525
   4342.06     6.505
   4349.30     6.450
   4356.56     6.398
   4363.84     6.361
   4371.12     6.360
   4378.42     6.359
   4385.73     6.359
   4393.04     6.358
   4400.38     6.358
   4407.72     6.357
   4415.08     6.358
   4422.45     6.361
   4429.83     6.364
   4437.23     6.366
   4444.63     6.369
   4452.05     6.372
   4459.48     6.375
   4466.93     6.378
   4474.38     6.380
   4481.85     6.382
   4489.33     6.383
   4496.83     6.383
   4504.33     6.383
   4511.85     6.383
   4519.38     6.384
   4526.93     6.386
   4534.48     6.387
   4542.05     6.389
   4549.63     6.391
   4557.23     6.393
   4564.84     6.395
   4572.46     6.397
   4580.09     6.398
   4587.73     6.400
   4595.39     6.402
   4603.06     6.404
   4610.75     6.406
   4618.44     6.408
   4626.15     6.410
   4633.87     6.411
   4641.61     6.413
   4649.35     6.415
   4657.12     6.417
   4664.89     6.419
   4672.68     6.420
   4680.48     6.422
   4688.29     6.424
   4696.12     6.429
   4703.95     6.435
   4711.81     6.441
   4719.67     6.440
   4727.55     6.439
   4735.44     6.438
   4743.34     6.438
   4751.26     6.439
   4759.19     6.440
   4767.14     6.442
   4775.09     6.445
   4783.06     6.447
   4791.05     6.450
   4799.05     6.453
   4807.06     6.456
   4815.08     6.459
   4823.12     6.463
   4831.17     6.466
   4839.23     6.485
   4847.31     6.546
   4855.40     6.611
   4863.51     6.654
   4871.62     6.592
   4879.76     6.532
   4887.90     6.482
   4896.06     6.484
   4904.23     6.486
   4912.42     6.487
   4920.62     6.486
   4928.83     6.485
   4937.06     6.484
   4945.30     6.485
   4953.56     6.487
   4961.83     6.488
   4970.11     6.490
   4978.40     6.493
   4986.71     6.495
   4995.04     6.499
   5003.38     6.503
   5011.73     6.508
   5020.09     6.512
   5028.47     6.515
   5036.87     6.516
   5045.27     6.516
   5053.69     6.517
   5062.13     6.518
   5070.58     6.519
   5079.04     6.520
   5087.52     6.522
   5096.01     6.524
   5104.52     6.526
   5113.04     6.527
   5121.58     6.529
   5130.12     6.531
   5138.69     6.533
   5147.27     6.535
   5155.86     6.536
   5164.46     6.538
   5173.08     6.540
   5181.72     6.542
   5190.37     6.544
   5199.03     6.546
   5207.71     6.548
   5216.40     6.550
   5225.11     6.553
   5233.83     6.555
   5242.57     6.557
   5251.32     6.559
   5260.08     6.560
   5268.87     6.562
   5277.66     6.565
   5286.47     6.567
   5295.29     6.569
   5304.13     6.571
   5312.99     6.574
   5321.85     6.576
   5330.74     6.578
   5339.64     6.579
   5348.55     6.581
   5357.48     6.583
   5366.42     6.584
   5375.38     6.586
   5384.35     6.588
   5393.34     6.591
   5402.34     6.593
   5411.36     6.596
   5420.39     6.598
   5429.44     6.601
   5438.50     6.603
   5447.58     6.605
   5456.67     6.607
   5465.78     6.610
   5474.90     6.612
   5484.04     6.613
   5493.20     6.615
   5502.37     6.617
   5511.55     6.618
   5520.75     6.620
   5529.97     6.622
   5539.20     6.624
   5548.44     6.626
   5557.71     6.628
   5566.98     6.631
   5576.27     6.633
   5585.58     6.635
   5594.91     6.638
   5604.25     6.640
   5613.60     6.642
   5622.97     6.645
   5632.36     6.647
   5641.76     6.649
   5651.17     6.651
   5660.61     6.653
   5670.06     6.654
   5679.52     6.656
   5689.00     6.658
   5698.50     6.660
   5708.01     6.662
   5717.54     6.664
   5727.08     6.666
   5736.64     6.668
   5746.22     6.670
   5755.81     6.672
   5765.42     6.674
   5775.04     6.676
   5784.68     6.678
   5794.34     6.680
   5804.01     6.682
   5813.70     6.685
   5823.40     6.687
   5833.12     6.690
   5842.86     6.693
   5852.61     6.697
   5862.38     6.701
   5872.17     6.704
   5881.97     6.706
   5891.79     6.707
   5901.62     6.707
   5911.47     6.708
   5921.34     6.709
   5931.22     6.711
   5941.12     6.714
   5951.04     6.716
   5960.97     6.719
   5970.92     6.722
   5980.89     6.724
   5990.87     6.725
   6000.87     6.727
   6010.89     6.729
   6020.92     6.731
   6030.97     6.733
   6041.04     6.735
   6051.12     6.737
   6061.23     6.739
   6071.34     6.741
   6081.48     6.744
   6091.63     6.746
   6101.80     6.748
   6111.98     6.750
   6122.19     6.753
   6132.40     6.755
   6142.64     6.757
   6152.89     6.759
   6163.16     6.762
   6173.45     6.764
   6183.76     6.766
   6194.08     6.769
   6204.42     6.772
   6214.77     6.774
   6225.15     6.777
   6235.54     6.779
   6245.95     6.781
   6256.37     6.782
   6266.82     6.784
   6277.28     6.786
   6287.75     6.789
   6298.25     6.792
   6308.76     6.795
   6319.29     6.797
   6329.84     6.800
   6340.41     6.802
   6350.99     6.803
   6361.59     6.805
   6372.21     6.807
   6382.85     6.809
   6393.50     6.811
   6404.17     6.813
   6414.87     6.816
   6425.57     6.818
   6436.30     6.820
   6447.04     6.823
   6457.80     6.825
   6468.58     6.828
   6479.38     6.830
   6490.20     6.833
   6501.03     6.836
   6511.88     6.839
   6522.75     6.842
   6533.64     6.856
   6544.54     6.874
   6555.47     6.892
   6566.41     6.910
   6577.37     6.922
   6588.35     6.907
   6599.35     6.893
   6610.36     6.879
   6621.40     6.865
   6632.45     6.862
   6643.52     6.865
   6654.61     6.868
   6665.72     6.871
   6676.85     6.874
   6687.99     6.876
   6699.15     6.877
   6710.34     6.878
   6721.54     6.880
   6732.76     6.882
   6744.00     6.884
   6755.25     6.887
   6766.53     6.889
   6777.82     6.892
   6789.14     6.894
   6800.47     6.896
   6811.82     6.899
   6823.19     6.901
   6834.58     6.903
   6845.99     6.906
   6857.42     6.908
   6868.86     6.910
   6880.33     6.912
   6891.81     6.915
   6903.32     6.917
   6914.84     6.919
   6926.38     6.922
   6937.94     6.924
   6949.52     6.927
   6961.12     6.929
   6972.75     6.931
   6984.38     6.934
   6996.04     6.936
   7007.72     6.939
   7019.42     6.941
   7031.13     6.944
   7042.87     6.947
   7054.63     6.951
   7066.40     6.954
   7078.20     6.957
   7090.01     6.959
   7101.85     6.960
   7113.70     6.962
   7125.58     6.964
   7137.47     6.966
   7149.38     6.967
   7161.32     6.970
   7173.27     6.973
   7185.25     6.975
   7197.24     6.978
   7209.25     6.980
   7221.29     6.983
   7233.34     6.986
   7245.42     6.988
   7257.51     6.991
   7269.62     6.993
   7281.76     6.995
   7293.91     6.997
   7306.09     6.999
   7318.28     7.001
   7330.50     7.004
   7342.73     7.006
   7354.99     7.008
   7367.27     7.010
   7379.57     7.013
   7391.88     7.015
   7404.22     7.018
   7416.58     7.021
   7428.96     7.023
   7441.36     7.026
   7453.78     7.028
   7466.23     7.030
   7478.69     7.033
   7491.17     7.035
   7503.68     7.037
   7516.20     7.040
   7528.75     7.042
   7541.31     7.045
   7553.90     7.047
   7566.51     7.049
   7579.14     7.052
   7591.79     7.054
   7604.46     7.057
   7617.16     7.059
   7629.87     7.062
   7642.61     7.064
   7655.37     7.067
   7668.15     7.069
   7680.94     7.072
   7693.77     7.075
   7706.61     7.078
   7719.47     7.081
   7732.36     7.084
   7745.26     7.087
   7758.19     7.089
   7771.14     7.091
   7784.12     7.094
   7797.11     7.096
   7810.12     7.099
   7823.16     7.101
   7836.22     7.103
   7849.30     7.106
   7862.40     7.108
   7875.52     7.110
   7888.67     7.112
   7901.84     7.115
   7915.03     7.117
   7928.24     7.119
   7941.47     7.121
   7954.73     7.124
   7968.01     7.126
   7981.31     7.129
   7994.63     7.131
   8007.98     7.133
   8021.34     7.136
   8034.73     7.138
   8048.14     7.141
   8061.58     7.143
   8075.03     7.146
   8088.51     7.149
   8102.02     7.151
   8115.54     7.154
   8129.08     7.156
   8142.65     7.159
   8156.25     7.161
   8169.86     7.163
   8183.50     7.165
   8197.16     7.168
   8210.84     7.170
   8224.55     7.172
   8238.27     7.174
   8252.03     7.176
   8265.80     7.179
   8279.60     7.183
   8293.42     7.186
   8307.26     7.190
   8321.13     7.193
   8335.02     7.196
   8348.93     7.200
   8362.87     7.203
   8376.83     7.205
   8390.81     7.208
   8404.82     7.210
   8418.84     7.213
   8432.90     7.215
   8446.97     7.218
   8461.07     7.219
   8475.20     7.219
   8489.34     7.220
   8503.51     7.221
   8517.71     7.221
   8531.93     7.222
   8546.17     7.223
   8560.43     7.223
   8574.72     7.224
   8589.04     7.225
   8603.37     7.225
   8617.73     7.226
   8632.12     7.227
   8646.53     7.228
   8660.96     7.227
   8675.42     7.225
   8689.90     7.224
   8704.40     7.223
   8718.93     7.221
   8733.49     7.220
   8748.06     7.218
   8762.67     7.221
   8777.29     7.223
   8791.95     7.226
   8806.62     7.229
   8821.32     7.232
   8836.04     7.235
   8850.79     7.237
   8865.57     7.232
   8880.37     7.228
   8895.19     7.223
   8910.04     7.218
   8924.91     7.214
   8939.81     7.209
   8954.73     7.209
   8969.68     7.218
   8984.65     7.228
   8999.65     7.237
   9014.67     7.247
   9029.72     7.257
   9044.79     7.267
   9059.89     7.267
   9075.01     7.262
   9090.16     7.257
   9105.33     7.252
   9120.53     7.247
   9135.75     7.242
   9151.00     7.238
   9166.28     7.249
   9181.58     7.260
   9196.91     7.271
   9212.26     7.282
   9227.63     7.293
   9243.04     7.304
   9258.47     7.306
   9273.92     7.300
   9289.40     7.294
   9304.91     7.289
   9320.44     7.283
   9336.00     7.277
   9351.58     7.273
   9367.19     7.275
   9382.83     7.278
   9398.49     7.281
   9414.18     7.284
   9429.89     7.287
   9445.63     7.290
   9461.40     7.299
   9477.19     7.309
   9493.01     7.320
   9508.86     7.330
   9524.73     7.341
   9540.63     7.352
   9556.55     7.356
   9572.50     7.351
   9588.48     7.346
   9604.49     7.340
   9620.52     7.335
   9636.58     7.330
   9652.66     7.326
   9668.78     7.328
   9684.92     7.331
   9701.08     7.333
   9717.27     7.336
   9733.49     7.338
   9749.74     7.341
   9766.02     7.343
   9782.32     7.346
   9798.65     7.349
   9815.00     7.352
   9831.39     7.355
   9847.80     7.357
   9864.23     7.360
   9880.70     7.363
   9897.19     7.366
   9913.71     7.369
   9930.26     7.372
   9946.84     7.374
   9963.44     7.384
   9980.07     7.395
   9996.73     7.406
  10013.42     7.417
  10030.13     7.429
  10046.87     7.440
  10063.64     7.438
  10080.44     7.432
  10097.27     7.426
  10114.12     7.421
  10131.01     7.415
  10147.92     7.410
  10164.86     7.411
  10181.82     7.414
  10198.82     7.416
  10215.84     7.419
  10232.90     7.421
  10249.98     7.424
  10267.09     7.427
  10284.22     7.430
  10301.39     7.433
  10318.59     7.436
  10335.81     7.439
  10353.06     7.442
  10370.34     7.445
  10387.65     7.447
  10404.99     7.450
  10422.36     7.453
  10439.76     7.455
  10457.18     7.458
  10474.64     7.461
  10492.12     7.464
  10509.64     7.467
  10527.18     7.470
  10544.75     7.473
  10562.35     7.476
  10579.99     7.479
  10597.65     7.482
  10615.33     7.485
  10633.05     7.488
  10650.80     7.491
  10668.58     7.494
  10686.39     7.496
  10704.23     7.499
  10722.09     7.501
  10739.99     7.504
  10757.92     7.507
  10775.88     7.511
  10793.86     7.514
  10811.88     7.518
  10829.93     7.521
  10848.01     7.525
  10866.11     7.535
  10884.25     7.546
  10902.42     7.557
  10920.62     7.569
  10938.85     7.580
  10957.11     7.585
  10975.40     7.579
  10993.72     7.572
  11012.07     7.566
  11030.45     7.560
  11048.86     7.554
  11067.30     7.556
  11085.78     7.558
  11104.28     7.561
  11122.82     7.563
  11141.38     7.566
  11159.98     7.569
  11178.61     7.572
  11197.27     7.575
  11215.96     7.578
  11234.68     7.581
  11253.43     7.584
  11272.22     7.587
  11291.03     7.590
  11309.88     7.593
  11328.76     7.597
  11347.67     7.600
  11366.61     7.602
  11385.58     7.605
  11404.59     7.608
  11423.63     7.610
  11442.70     7.613
  11461.80     7.615
  11480.93     7.618
  11500.09     7.621
  11519.29     7.624
  11538.52     7.627
  11557.78     7.630
  11577.07     7.633
  11596.39     7.636
  11615.75     7.639
  11635.14     7.642
  11654.56     7.646
  11674.01     7.648
  11693.50     7.651
  11713.02     7.655
  11732.57     7.658
  11752.16     7.661
  11771.77     7.663
  11791.42     7.666
  11811.10     7.668
  11830.82     7.671
  11850.57     7.674
  11870.35     7.677
  11890.16     7.680
  11910.01     7.683
  11929.89     7.686
  11949.80     7.689
  11969.75     7.692
  11989.73     7.694
  12009.74     7.697
