    925.52     6.072
    934.78     5.011
    944.04     4.360
    953.30     3.886
    962.56     3.619
    971.82     3.746
    981.08     4.115
    990.34     3.983
    999.60     3.497
   1008.86     3.282
   1018.12     3.362
   1027.38     3.544
   1036.64     3.450
   1045.90     3.081
   1055.16     2.911
   1064.42     2.931
   1073.68     2.979
   1082.94     3.081
   1092.20     3.102
   1101.46     3.059
   1110.72     2.980
   1119.98     2.999
   1129.24     3.093
   1138.50     2.995
   1155.80     2.956
   1157.00     2.949
   1158.00     3.021
   1159.20     2.982
   1160.40     3.003
   1161.60     2.961
   1162.80     2.979
   1164.00     3.007
   1165.20     3.027
   1166.40     3.054
   1167.60     3.039
   1168.80     3.078
   1169.80     3.178
   1171.00     3.312
   1172.20     3.419
   1173.40     3.475
   1174.60     3.444
   1175.80     3.275
   1177.00     3.163
   1178.20     3.121
   1179.40     3.048
   1180.40     3.026
   1181.60     2.973
   1182.80     2.935
   1184.00     2.916
   1185.20     2.914
   1186.40     2.934
   1187.60     2.943
   1188.80     3.005
   1190.00     3.022
   1191.20     3.085
   1192.20     3.146
   1193.40     3.199
   1194.60     3.222
   1195.80     3.244
   1197.00     3.241
   1198.20     3.241
   1199.40     3.359
   1200.60     3.503
   1201.80     3.646
   1203.00     3.874
   1204.00     4.097
   1205.20     4.212
   1206.40     4.144
   1207.60     4.238
   1208.80     4.324
   1210.00     4.333
   1211.20     4.621
   1212.40     5.035
   1213.60     5.135
   1214.80     4.843
   1215.80     4.327
   1217.00     3.890
   1218.20     3.702
   1219.40     3.449
   1220.60     3.298
   1221.80     3.236
   1223.00     3.162
   1224.20     3.132
   1225.40     3.139
   1226.60     3.135
   1227.60     3.102
   1228.80     3.061
   1230.00     3.017
   1231.20     2.999
   1232.40     2.975
   1233.60     2.997
   1234.80     2.998
   1236.00     2.941
   1237.20     2.953
   1238.40     2.918
   1239.40     2.906
   1240.60     2.901
   1241.80     2.926
   1243.00     2.908
   1244.20     2.958
   1245.40     2.976
   1246.60     2.986
   1247.80     2.996
   1249.00     2.992
   1250.20     2.964
   1251.20     2.986
   1252.40     2.939
   1253.60     2.932
   1254.80     2.953
   1256.00     2.944
   1257.20     2.963
   1258.40     2.980
   1259.60     2.949
   1260.80     2.924
   1262.00     2.971
   1263.00     2.991
   1264.20     2.962
   1265.40     2.972
   1266.60     2.916
   1267.80     2.906
   1269.00     2.898
   1270.20     2.877
   1271.40     2.907
   1272.60     2.938
   1273.60     2.889
   1274.80     2.888
   1276.00     2.930
   1277.20     2.895
   1278.40     2.868
   1279.60     2.847
   1280.80     2.866
   1282.00     2.864
   1283.20     2.887
   1284.40     2.887
   1285.40     2.910
   1286.60     2.935
   1287.80     2.955
   1289.00     2.959
   1290.20     2.982
   1291.40     3.054
   1292.60     3.104
   1293.80     3.186
   1295.00     3.220
   1296.20     3.247
   1297.20     3.287
   1298.40     3.296
   1299.60     3.291
   1300.80     3.273
   1302.00     3.234
   1303.20     3.180
   1304.40     3.107
   1305.60     3.046
   1306.80     2.998
   1308.00     2.975
   1309.00     2.940
   1310.20     2.919
   1311.40     2.922
   1312.60     2.891
   1313.80     2.913
   1315.00     2.922
   1316.20     2.895
   1317.40     2.894
   1318.60     2.910
   1319.80     2.935
   1320.80     2.957
   1322.00     2.976
   1323.20     2.980
   1324.40     2.986
   1325.60     2.984
   1326.80     3.029
   1328.00     3.001
   1329.20     3.010
   1330.40     3.049
   1331.60     3.094
   1332.60     3.114
   1333.80     3.132
   1335.00     3.101
   1336.20     3.026
   1337.40     2.979
   1338.60     2.960
   1339.80     2.990
   1341.00     3.029
   1342.20     3.015
   1343.40     2.986
   1344.40     2.961
   1345.60     2.969
   1346.80     2.953
   1348.00     2.935
   1349.20     2.963
   1350.40     2.960
   1351.60     2.956
   1352.80     2.971
   1354.00     2.971
   1355.20     2.945
   1356.20     2.974
   1357.40     2.948
   1358.60     2.967
   1359.80     2.995
   1361.00     2.991
   1362.20     2.987
   1363.40     3.021
   1364.60     3.041
   1365.80     3.016
   1366.80     3.027
   1368.00     3.055
   1369.20     3.035
   1370.40     3.041
   1371.60     3.056
   1372.80     3.048
   1374.00     3.095
   1375.20     3.093
   1376.40     3.103
   1377.60     3.094
   1378.60     3.132
   1379.80     3.119
   1381.00     3.110
   1382.20     3.122
   1383.40     3.169
   1384.60     3.141
   1385.80     3.194
   1387.00     3.231
   1388.20     3.291
   1389.40     3.384
   1390.40     3.512
   1391.60     3.582
   1392.80     3.576
   1394.00     3.475
   1395.20     3.383
   1396.40     3.381
   1397.60     3.316
   1398.80     3.333
   1400.00     3.427
   1401.20     3.425
   1402.20     3.413
   1403.40     3.342
   1404.60     3.264
   1405.80     3.203
   1407.00     3.217
   1408.20     3.225
   1409.40     3.207
   1410.60     3.206
   1411.80     3.195
   1413.00     3.205
   1414.00     3.220
   1415.20     3.221
   1416.40     3.222
   1417.60     3.208
   1418.80     3.185
   1420.00     3.213
   1421.20     3.193
   1422.40     3.155
   1423.60     3.142
   1424.80     3.179
   1425.80     3.164
   1427.00     3.174
   1428.20     3.159
   1429.40     3.143
   1430.60     3.140
   1431.80     3.146
   1433.00     3.133
   1434.20     3.166
   1435.40     3.152
   1436.60     3.133
   1437.60     3.110
   1438.80     3.089
   1440.00     3.071
   1441.20     3.072
   1442.40     3.059
   1443.60     3.078
   1444.80     3.083
   1446.00     3.087
   1447.20     3.079
   1448.40     3.098
   1449.40     3.095
   1450.60     3.083
   1451.80     3.091
   1453.00     3.093
   1454.20     3.083
   1455.40     3.060
   1456.60     3.043
   1457.80     3.079
   1459.00     3.071
   1460.00     3.069
   1461.20     3.091
   1462.40     3.096
   1463.60     3.120
   1464.80     3.116
   1466.00     3.102
   1467.20     3.116
   1468.40     3.118
   1469.60     3.116
   1470.80     3.087
   1471.80     3.106
   1473.00     3.105
   1474.20     3.105
   1475.40     3.102
   1476.60     3.080
   1477.80     3.079
   1479.00     3.074
   1480.20     3.058
   1481.40     3.090
   1482.60     3.104
   1483.60     3.087
   1484.80     3.080
   1486.00     3.034
   1487.20     3.002
   1488.40     3.034
   1489.60     3.054
   1490.80     3.063
   1492.00     3.099
   1493.20     3.135
   1494.40     3.118
   1495.40     3.092
   1496.60     3.141
   1497.80     3.169
   1499.00     3.198
   1500.20     3.197
   1501.40     3.187
   1502.60     3.207
   1503.80     3.188
   1505.00     3.163
   1506.20     3.160
   1507.20     3.167
   1508.40     3.181
   1509.60     3.226
   1510.80     3.262
   1512.00     3.246
   1513.20     3.261
   1514.40     3.291
   1515.60     3.272
   1516.80     3.229
   1518.00     3.229
   1519.00     3.176
   1520.20     3.170
   1521.40     3.172
   1522.60     3.163
   1523.80     3.220
   1525.00     3.243
   1526.20     3.285
   1527.40     3.319
   1528.60     3.342
   1529.80     3.357
   1530.80     3.408
   1532.00     3.394
   1533.20     3.396
   1534.40     3.370
   1535.60     3.391
   1536.80     3.401
   1538.00     3.385
   1539.20     3.371
   1540.40     3.368
   1541.40     3.385
   1542.60     3.391
   1543.80     3.454
   1545.00     3.570
   1546.20     3.599
   1547.40     3.620
   1548.60     3.622
   1549.80     3.583
   1551.00     3.478
   1552.20     3.379
   1553.20     3.343
   1554.40     3.322
   1555.60     3.330
   1556.80     3.292
   1558.00     3.283
   1559.20     3.320
   1560.40     3.309
   1561.60     3.293
   1562.80     3.348
   1564.00     3.349
   1565.00     3.316
   1566.20     3.276
   1567.40     3.291
   1568.60     3.311
   1569.80     3.298
   1571.00     3.269
   1572.20     3.282
   1573.40     3.261
   1574.60     3.257
   1575.80     3.264
   1576.80     3.266
   1578.00     3.296
   1579.20     3.312
   1580.40     3.280
   1581.60     3.268
   1582.80     3.249
   1584.00     3.233
   1585.20     3.209
   1586.40     3.201
   1587.60     3.208
   1588.60     3.212
   1589.80     3.233
   1591.00     3.258
   1592.20     3.266
   1593.40     3.264
   1594.60     3.266
   1595.80     3.265
   1597.00     3.261
   1598.20     3.255
   1599.40     3.243
   1600.40     3.268
   1601.60     3.312
   1602.80     3.277
   1604.00     3.271
   1605.20     3.271
   1606.40     3.272
   1607.60     3.284
   1608.80     3.297
   1610.00     3.304
   1611.20     3.276
   1612.20     3.237
   1613.40     3.236
   1614.60     3.216
   1615.80     3.222
   1617.00     3.230
   1618.20     3.256
   1619.40     3.231
   1620.60     3.206
   1621.80     3.218
   1623.00     3.231
   1624.00     3.200
   1625.20     3.192
   1626.40     3.211
   1627.60     3.210
   1628.80     3.222
   1630.00     3.231
   1631.20     3.218
   1632.40     3.209
   1633.60     3.206
   1634.60     3.213
   1635.80     3.229
   1637.00     3.221
   1638.20     3.178
   1639.40     3.210
   1640.60     3.192
   1641.80     3.185
   1643.00     3.163
   1644.20     3.150
   1645.40     3.131
   1646.40     3.118
   1647.60     3.137
   1648.80     3.139
   1650.00     3.162
   1651.20     3.157
   1652.40     3.137
   1653.60     3.158
   1654.80     3.156
   1656.00     3.149
   1657.20     3.150
   1658.20     3.162
   1659.40     3.156
   1660.60     3.157
   1661.80     3.159
   1663.00     3.187
   1664.20     3.172
   1665.40     3.165
   1666.60     3.181
   1667.80     3.167
   1669.00     3.167
   1670.00     3.185
   1671.20     3.185
   1672.40     3.190
   1673.60     3.189
   1674.80     3.176
   1676.00     3.160
   1677.20     3.136
   1678.40     3.127
   1679.60     3.144
   1680.80     3.144
   1681.80     3.141
   1683.00     3.134
   1684.20     3.124
   1685.40     3.124
   1686.60     3.140
   1687.80     3.140
   1689.00     3.135
   1690.20     3.158
   1691.40     3.164
   1692.60     3.161
   1693.60     3.166
   1694.80     3.144
   1696.00     3.151
   1697.20     3.159
   1698.40     3.158
   1699.60     3.156
   1700.80     3.160
   1702.00     3.167
   1703.20     3.180
   1704.40     3.186
   1705.40     3.194
   1706.60     3.187
   1707.80     3.218
   1709.00     3.228
   1710.20     3.223
   1711.40     3.223
   1712.60     3.217
   1713.80     3.218
   1715.00     3.222
   1716.20     3.252
   1717.20     3.283
   1718.40     3.272
   1719.60     3.301
   1720.80     3.307
   1722.00     3.283
   1723.20     3.282
   1724.40     3.243
   1725.60     3.207
   1726.80     3.195
   1727.80     3.173
   1729.00     3.159
   1730.20     3.154
   1731.40     3.145
   1732.60     3.151
   1733.80     3.156
   1735.00     3.154
   1736.20     3.152
   1737.40     3.174
   1738.60     3.210
   1739.60     3.209
   1740.80     3.195
   1742.00     3.195
   1743.20     3.188
   1744.40     3.193
   1745.60     3.200
   1746.80     3.197
   1748.00     3.203
   1749.20     3.207
   1750.40     3.193
   1751.40     3.176
   1752.60     3.139
   1753.80     3.113
   1755.00     3.112
   1756.20     3.140
   1757.40     3.134
   1758.60     3.123
   1759.80     3.141
   1761.00     3.155
   1762.20     3.146
   1763.20     3.137
   1764.40     3.134
   1765.60     3.132
   1766.80     3.131
   1768.00     3.123
   1769.20     3.150
   1770.40     3.162
   1771.60     3.170
   1772.80     3.177
   1774.00     3.181
   1775.00     3.188
   1776.20     3.179
   1777.40     3.153
   1778.60     3.145
   1779.80     3.136
   1781.00     3.142
   1782.20     3.136
   1783.40     3.125
   1784.60     3.140
   1785.80     3.168
   1786.80     3.181
   1788.00     3.185
   1789.20     3.180
   1790.40     3.142
   1791.60     3.140
   1792.80     3.137
   1794.00     3.136
   1795.20     3.141
   1796.40     3.127
   1797.60     3.122
   1798.60     3.104
   1799.80     3.091
   1801.00     3.092
   1802.20     3.092
   1803.40     3.083
   1804.60     3.106
   1805.80     3.111
   1807.00     3.116
   1808.20     3.124
   1809.40     3.141
   1810.40     3.154
   1811.60     3.165
   1812.80     3.179
   1814.00     3.179
   1815.20     3.170
   1816.40     3.158
   1817.60     3.152
   1818.80     3.154
   1820.00     3.153
   1821.00     3.154
   1822.20     3.154
   1823.40     3.168
   1824.60     3.159
   1825.80     3.153
   1827.00     3.148
   1828.20     3.153
   1829.40     3.153
   1830.60     3.146
   1831.80     3.156
   1832.80     3.160
   1834.00     3.170
   1835.20     3.179
   1836.40     3.194
   1837.60     3.194
   1838.80     3.210
   1840.00     3.234
   1841.20     3.265
   1842.40     3.268
   1843.60     3.276
   1844.60     3.289
   1845.80     3.288
   1847.00     3.289
   1848.20     3.299
   1849.40     3.316
   1850.60     3.327
   1851.80     3.333
   1853.00     3.334
   1854.20     3.324
   1855.40     3.303
   1856.40     3.294
   1857.60     3.298
   1858.80     3.290
   1860.00     3.295
   1861.20     3.304
   1862.40     3.302
   1863.60     3.288
   1864.80     3.273
   1866.00     3.247
   1867.20     3.236
   1868.20     3.215
   1869.40     3.206
   1870.60     3.190
   1871.80     3.168
   1873.00     3.169
   1874.20     3.167
   1875.40     3.168
   1876.60     3.188
   1877.80     3.201
   1879.00     3.234
   1880.00     3.275
   1881.20     3.285
   1882.40     3.297
   1883.60     3.325
   1884.80     3.349
   1886.00     3.373
   1887.20     3.386
   1888.40     3.394
   1889.60     3.408
   1890.80     3.408
   1891.80     3.408
   1893.00     3.402
   1894.20     3.381
   1895.40     3.345
   1896.60     3.322
   1897.80     3.317
   1899.00     3.306
   1900.20     3.300
   1901.40     3.304
   1902.40     3.309
   1903.60     3.319
   1904.80     3.327
   1906.00     3.333
   1907.20     3.333
   1908.40     3.327
   1909.60     3.331
   1910.80     3.346
   1912.00     3.365
   1913.20     3.383
   1914.20     3.386
   1915.40     3.387
   1916.60     3.377
   1917.80     3.354
   1919.00     3.358
   1920.20     3.368
   1921.40     3.363
   1922.60     3.344
   1923.80     3.342
   1925.00     3.343
   1926.00     3.364
   1927.20     3.397
   1928.40     3.378
   1929.60     3.339
   1930.80     3.313
   1932.00     3.300
   1933.20     3.327
   1934.40     3.327
   1935.60     3.338
   1936.80     3.348
   1937.80     3.342
   1939.00     3.345
   1940.20     3.328
   1941.40     3.313
   1942.60     3.301
   1943.80     3.298
   1945.00     3.303
   1946.20     3.310
   1947.40     3.317
   1948.60     3.318
   1949.60     3.337
   1950.80     3.357
   1952.00     3.366
   1953.20     3.356
   1954.40     3.348
   1955.60     3.335
   1956.80     3.331
   1958.00     3.360
   1959.20     3.347
   1960.40     3.339
   1961.40     3.345
   1962.60     3.319
   1963.80     3.298
   1965.00     3.278
   1966.20     3.263
   1967.40     3.244
   1968.60     3.225
   1969.80     3.208
   1970.20     3.282
   1972.00     3.251
   1973.80     3.224
   1975.80     3.206
   1977.60     3.238
   1979.40     3.216
   1981.40     3.210
   1983.20     3.233
   1985.00     3.236
   1987.00     3.210
   1988.80     3.234
   1990.60     3.280
   1992.60     3.275
   1994.40     3.311
   1996.20     3.267
   1998.20     3.297
   2000.00     3.342
   2001.80     3.294
   2003.80     3.277
   2005.60     3.274
   2007.40     3.277
   2009.40     3.241
   2011.20     3.211
   2013.20     3.231
   2015.00     3.233
   2016.80     3.260
   2018.80     3.226
   2020.60     3.217
   2022.40     3.178
   2024.40     3.201
   2026.20     3.216
   2028.00     3.237
   2030.00     3.239
   2031.80     3.227
   2033.60     3.240
   2035.60     3.273
   2037.40     3.302
   2039.20     3.276
   2041.20     3.276
   2043.00     3.298
   2044.80     3.321
   2046.80     3.288
   2048.60     3.241
   2050.40     3.255
   2052.40     3.268
   2054.20     3.261
   2056.00     3.262
   2058.00     3.266
   2059.80     3.272
   2061.80     3.270
   2063.60     3.244
   2065.40     3.257
   2067.40     3.262
   2069.20     3.269
   2071.00     3.256
   2073.00     3.264
   2074.80     3.275
   2076.60     3.293
   2078.60     3.236
   2080.40     3.205
   2082.20     3.208
   2084.20     3.267
   2086.00     3.299
   2087.80     3.239
   2089.80     3.245
   2091.60     3.237
   2093.40     3.268
   2095.40     3.264
   2097.20     3.293
   2099.00     3.281
   2101.00     3.272
   2102.80     3.294
   2104.80     3.279
   2106.60     3.265
   2108.40     3.243
   2110.40     3.233
   2112.20     3.220
   2114.00     3.214
   2116.00     3.217
   2117.80     3.289
   2119.60     3.301
   2121.60     3.319
   2123.40     3.257
   2125.20     3.256
   2127.20     3.214
   2129.00     3.240
   2130.80     3.211
   2132.80     3.156
   2134.60     3.188
   2136.40     3.194
   2138.40     3.202
   2140.20     3.234
   2142.00     3.260
   2144.00     3.248
   2145.80     3.248
   2147.60     3.254
   2149.60     3.272
   2151.40     3.288
   2153.40     3.270
   2155.20     3.224
   2157.00     3.187
   2159.00     3.221
   2160.80     3.258
   2162.60     3.270
   2164.60     3.239
   2166.40     3.247
   2168.20     3.234
   2170.20     3.204
   2172.00     3.225
   2173.80     3.248
   2175.80     3.244
   2177.60     3.190
   2179.40     3.191
   2181.40     3.205
   2183.20     3.206
   2185.00     3.220
   2187.00     3.252
   2188.80     3.225
   2190.60     3.197
   2192.60     3.246
   2194.40     3.256
   2196.20     3.257
   2198.20     3.252
   2200.00     3.224
   2202.00     3.246
   2203.80     3.262
   2205.60     3.259
   2207.60     3.222
   2209.40     3.217
   2211.20     3.260
   2213.20     3.256
   2215.00     3.251
   2216.80     3.250
   2218.80     3.272
   2220.60     3.289
   2222.40     3.289
   2224.40     3.271
   2226.20     3.271
   2228.00     3.277
   2230.00     3.274
   2231.80     3.288
   2233.60     3.297
   2235.60     3.284
   2237.40     3.299
   2239.20     3.320
   2241.20     3.274
   2243.00     3.268
   2245.00     3.287
   2246.80     3.313
   2248.60     3.264
   2250.60     3.286
   2252.40     3.259
   2254.20     3.253
   2256.20     3.261
   2258.00     3.276
   2259.80     3.240
   2261.80     3.227
   2263.60     3.288
   2265.40     3.292
   2267.40     3.281
   2269.20     3.264
   2271.00     3.243
   2273.00     3.201
   2274.80     3.234
   2276.60     3.185
   2278.60     3.225
   2280.40     3.225
   2282.20     3.192
   2284.20     3.249
   2286.00     3.258
   2287.80     3.253
   2289.80     3.237
   2291.60     3.239
   2293.60     3.286
   2295.40     3.259
   2297.20     3.231
   2299.20     3.270
   2301.00     3.283
   2302.80     3.316
   2304.80     3.273
   2306.60     3.228
   2308.40     3.229
   2310.40     3.226
   2312.20     3.207
   2314.00     3.191
   2316.00     3.202
   2317.80     3.238
   2319.60     3.232
   2321.60     3.289
   2323.40     3.301
   2325.20     3.227
   2327.20     3.272
   2329.00     3.271
   2330.80     3.267
   2332.80     3.321
   2334.60     3.256
   2336.40     3.221
   2338.40     3.278
   2340.20     3.289
   2342.20     3.315
   2344.00     3.262
   2345.80     3.265
   2347.80     3.265
   2349.60     3.230
   2351.40     3.204
   2353.40     3.241
   2355.20     3.244
   2357.00     3.228
   2359.00     3.185
   2360.80     3.199
   2362.60     3.267
   2364.60     3.251
   2366.40     3.257
   2368.20     3.230
   2370.20     3.223
   2372.00     3.220
   2373.80     3.289
   2375.80     3.268
   2377.60     3.259
   2379.40     3.263
   2381.40     3.273
   2383.20     3.296
   2385.20     3.294
   2387.00     3.302
   2388.80     3.280
   2390.80     3.236
   2392.60     3.277
   2394.40     3.238
   2396.40     3.252
   2398.20     3.245
   2400.00     3.266
   2402.00     3.249
   2403.80     3.274
   2405.60     3.251
   2407.60     3.296
   2409.40     3.297
   2411.20     3.273
   2413.20     3.220
   2415.00     3.299
   2416.80     3.265
   2418.80     3.266
   2420.60     3.260
   2422.40     3.290
   2424.40     3.266
   2426.20     3.271
   2428.00     3.247
   2430.00     3.241
   2431.80     3.145
   2433.80     3.206
   2435.60     3.237
   2437.40     3.235
   2439.40     3.236
   2441.20     3.234
   2443.00     3.225
   2445.00     3.239
   2446.80     3.230
   2448.60     3.221
   2450.60     3.204
   2452.40     3.197
   2454.20     3.200
   2456.20     3.203
   2458.00     3.208
   2459.80     3.201
   2461.80     3.238
   2463.60     3.256
   2465.40     3.246
   2467.40     3.247
   2469.20     3.259
   2471.00     3.278
   2473.00     3.320
   2474.80     3.299
   2476.60     3.291
   2478.60     3.255
   2480.40     3.276
   2482.40     3.242
   2484.20     3.241
   2486.00     3.244
   2488.00     3.256
   2489.80     3.263
   2491.60     3.260
   2493.60     3.267
   2495.40     3.261
   2497.20     3.248
   2499.20     3.211
   2501.00     3.200
   2502.80     3.212
   2504.80     3.250
   2506.60     3.238
   2508.40     3.239
   2510.40     3.236
   2512.20     3.274
   2514.00     3.286
   2516.00     3.271
   2517.80     3.293
   2519.60     3.268
   2521.60     3.263
   2523.40     3.267
   2525.40     3.291
   2527.20     3.295
   2529.00     3.259
   2531.00     3.275
   2532.80     3.337
   2534.60     3.301
   2536.60     3.289
   2538.40     3.260
   2540.20     3.275
   2542.20     3.289
   2544.00     3.309
   2545.80     3.337
   2547.80     3.311
   2549.60     3.289
   2551.40     3.293
   2553.40     3.330
   2555.20     3.306
   2557.00     3.314
   2559.00     3.326
   2560.80     3.294
   2562.60     3.241
   2564.60     3.265
   2566.40     3.297
   2568.20     3.287
   2570.20     3.267
   2572.00     3.278
   2574.00     3.270
   2575.80     3.243
   2577.60     3.245
   2579.60     3.279
   2581.40     3.285
   2583.20     3.277
   2585.20     3.283
   2587.00     3.293
   2588.80     3.301
   2590.80     3.319
   2592.60     3.336
   2594.40     3.312
   2596.40     3.285
   2598.20     3.268
   2600.00     3.280
   2602.00     3.285
   2603.80     3.276
   2605.60     3.276
   2607.60     3.262
   2609.40     3.260
   2611.20     3.278
   2613.20     3.263
   2615.00     3.271
   2616.80     3.238
   2618.80     3.256
   2620.60     3.289
   2622.60     3.281
   2624.40     3.267
   2626.20     3.268
   2628.20     3.275
   2630.00     3.296
   2631.80     3.313
   2633.80     3.281
   2635.60     3.286
   2637.40     3.278
   2639.40     3.277
   2641.20     3.284
   2643.00     3.302
   2645.00     3.300
   2646.80     3.305
   2648.60     3.303
   2650.60     3.283
   2652.40     3.285
   2654.20     3.249
   2656.20     3.264
   2658.00     3.277
   2659.80     3.268
   2661.80     3.276
   2663.60     3.262
   2665.60     3.277
   2667.40     3.272
   2669.20     3.259
   2671.20     3.263
   2673.00     3.268
   2674.80     3.274
   2676.80     3.307
   2678.60     3.264
   2680.40     3.234
   2682.40     3.253
   2684.20     3.275
   2686.00     3.282
   2688.00     3.293
   2689.80     3.266
   2691.60     3.247
   2693.60     3.290
   2695.40     3.314
   2697.20     3.352
   2699.20     3.359
   2701.00     3.337
   2702.80     3.315
   2704.80     3.308
   2706.60     3.299
   2708.40     3.286
   2710.40     3.305
   2712.20     3.304
   2714.20     3.293
   2716.00     3.303
   2717.80     3.330
   2719.80     3.319
   2721.60     3.329
   2723.40     3.314
   2725.40     3.354
   2727.20     3.365
   2729.00     3.313
   2731.00     3.294
   2732.80     3.299
   2734.60     3.267
   2736.60     3.240
   2738.40     3.250
   2740.20     3.268
   2742.20     3.311
   2744.00     3.323
   2745.80     3.326
   2747.80     3.313
   2749.60     3.326
   2751.40     3.292
   2753.40     3.272
   2755.20     3.297
   2757.00     3.300
   2759.00     3.311
   2760.80     3.291
   2762.80     3.315
   2764.60     3.317
   2766.40     3.341
   2768.40     3.304
   2770.20     3.303
   2772.00     3.303
   2774.00     3.296
   2775.80     3.296
   2777.60     3.312
   2779.60     3.314
   2781.40     3.308
   2783.20     3.310
   2785.20     3.311
   2787.00     3.324
   2788.80     3.318
   2790.80     3.312
   2792.60     3.317
   2794.40     3.329
   2796.40     3.323
   2798.20     3.330
   2800.00     3.343
   2802.00     3.365
   2803.80     3.319
   2805.80     3.312
   2807.60     3.355
   2809.40     3.341
   2811.40     3.308
   2813.20     3.291
   2815.00     3.305
   2817.00     3.259
   2818.80     3.282
   2820.60     3.299
   2822.60     3.307
   2824.40     3.337
   2826.20     3.314
   2828.20     3.295
   2830.00     3.324
   2831.80     3.371
   2833.80     3.374
   2835.60     3.348
   2837.40     3.366
   2839.40     3.367
   2841.20     3.347
   2843.00     3.337
   2845.00     3.338
   2846.80     3.348
   2848.60     3.327
   2850.60     3.298
   2852.40     3.279
   2854.40     3.329
   2856.20     3.329
   2858.00     3.298
   2860.00     3.307
   2861.80     3.281
   2863.60     3.310
   2865.60     3.305
   2867.40     3.281
   2869.20     3.293
   2871.20     3.328
   2873.00     3.384
   2874.80     3.384
   2876.80     3.372
   2878.60     3.346
   2880.40     3.337
   2882.40     3.344
   2884.20     3.376
   2886.00     3.372
   2888.00     3.315
   2889.80     3.342
   2891.60     3.322
   2893.60     3.296
   2895.40     3.317
   2897.20     3.320
   2899.20     3.335
   2901.00     3.352
   2903.00     3.348
   2904.80     3.369
   2906.60     3.355
   2908.60     3.343
   2910.40     3.327
   2912.20     3.320
   2914.20     3.321
   2916.00     3.317
   2917.80     3.318
   2919.80     3.308
   2921.60     3.324
   2923.40     3.354
   2925.40     3.365
   2927.20     3.361
   2929.00     3.351
   2931.00     3.373
   2932.80     3.377
   2934.60     3.366
   2936.60     3.370
   2938.40     3.332
   2940.20     3.321
   2942.20     3.321
   2944.00     3.369
   2946.00     3.370
   2947.80     3.402
   2949.60     3.403
   2951.60     3.403
   2953.40     3.344
   2955.20     3.331
   2957.20     3.301
   2959.00     3.303
   2960.80     3.301
   2962.80     3.366
   2964.60     3.379
   2966.40     3.383
   2968.40     3.323
   2970.20     3.318
   2972.00     3.348
   2974.00     3.361
   2975.80     3.357
   2977.60     3.377
   2979.60     3.360
   2981.40     3.346
   2983.20     3.358
   2985.20     3.363
   2987.00     3.391
   2988.80     3.377
   2990.80     3.382
   2992.60     3.404
   2994.60     3.402
   2996.40     3.399
   2998.20     3.372
   3000.20     3.354
   3002.00     3.376
   3003.80     3.395
   3005.80     3.385
   3007.60     3.353
   3009.40     3.358
   3011.40     3.337
   3013.20     3.388
   3015.00     3.373
   3017.00     3.359
   3018.80     3.348
   3020.60     3.357
   3022.60     3.366
   3024.40     3.380
   3026.20     3.346
   3028.20     3.329
   3030.00     3.358
   3031.80     3.319
   3033.80     3.365
   3035.60     3.390
   3037.40     3.357
   3039.40     3.341
   3041.20     3.363
   3043.20     3.358
   3045.00     3.354
   3046.80     3.394
   3048.80     3.367
   3050.60     3.341
   3052.40     3.305
   3054.40     3.365
   3056.20     3.378
   3058.00     3.376
   3060.00     3.349
   3061.80     3.369
   3063.60     3.382
   3065.60     3.360
   3067.40     3.384
   3069.20     3.376
   3071.20     3.374
   3073.00     3.382
   3074.80     3.385
   3076.80     3.383
   3078.60     3.358
   3080.40     3.349
   3082.40     3.341
   3084.20     3.344
   3086.20     3.371
   3088.00     3.377
   3089.80     3.366
   3091.80     3.388
   3093.60     3.422
   3095.40     3.384
   3097.40     3.419
   3099.20     3.378
   3101.00     3.393
   3103.00     3.352
   3104.80     3.357
   3106.60     3.400
   3108.60     3.375
   3110.40     3.395
   3112.20     3.395
   3114.20     3.422
   3116.00     3.346
   3117.80     3.355
   3119.80     3.423
   3121.60     3.411
   3123.40     3.302
   3125.40     3.364
   3127.20     3.353
   3129.00     3.350
   3131.00     3.340
   3132.80     3.346
   3134.80     3.362
   3136.60     3.319
   3138.40     3.358
   3140.40     3.335
   3142.20     3.292
   3144.00     3.397
   3146.00     3.398
   3147.80     3.360
   3149.60     3.344
   3151.60     3.356
   3153.40     3.301
   3155.20     3.338
   3157.20     3.384
   3159.00     3.385
   3160.80     3.342
   3162.80     3.359
   3164.60     3.419
   3166.40     3.303
   3168.40     3.349
   3170.20     3.435
   3172.00     3.398
   3174.00     3.367
   3175.80     3.427
   3177.60     3.354
   3179.60     3.398
   3181.40     3.460
   3183.40     3.326
   3185.20     3.302
   3187.00     3.398
   3189.00     3.303
   3190.80     3.314
   3192.60     3.332
   3194.60     3.285
   3196.40     3.282
   3198.20     3.351
   3205.30     3.387
   3210.65     3.386
   3216.01     3.387
   3221.38     3.389
   3226.75     3.391
   3232.14     3.393
   3237.53     3.394
   3242.94     3.396
   3248.35     3.397
   3253.77     3.398
   3259.20     3.400
   3264.64     3.401
   3270.09     3.403
   3275.55     3.404
   3281.02     3.406
   3286.50     3.408
   3291.98     3.409
   3297.48     3.410
   3302.98     3.411
   3308.50     3.412
   3314.02     3.413
   3319.55     3.415
   3325.09     3.416
   3330.64     3.418
   3336.20     3.420
   3341.77     3.422
   3347.35     3.423
   3352.93     3.425
   3358.53     3.427
   3364.14     3.428
   3369.75     3.429
   3375.38     3.430
   3381.01     3.431
   3386.66     3.432
   3392.31     3.434
   3397.97     3.435
   3403.64     3.437
   3409.32     3.439
   3415.01     3.439
   3420.72     3.437
   3426.43     3.435
   3432.15     3.434
   3437.87     3.432
   3443.61     3.434
   3449.36     3.435
   3455.12     3.436
   3460.89     3.437
   3466.66     3.438
   3472.45     3.440
   3478.25     3.441
   3484.05     3.443
   3489.87     3.444
   3495.69     3.446
   3501.53     3.448
   3507.37     3.449
   3513.23     3.451
   3519.09     3.453
   3524.97     3.454
   3530.85     3.456
   3536.74     3.457
   3542.65     3.460
   3548.56     3.463
   3554.48     3.466
   3560.42     3.469
   3566.36     3.471
   3572.31     3.473
   3578.27     3.476
   3584.25     3.478
   3590.23     3.479
   3596.22     3.481
   3602.23     3.482
   3608.24     3.483
   3614.26     3.485
   3620.29     3.487
   3626.34     3.489
   3632.39     3.491
   3638.46     3.491
   3644.53     3.488
   3650.61     3.486
   3656.71     3.483
   3662.81     3.482
   3668.92     3.483
   3675.05     3.484
   3681.18     3.485
   3687.33     3.486
   3693.48     3.498
   3699.65     3.510
   3705.82     3.522
   3712.01     3.535
   3718.20     3.521
   3724.41     3.508
   3730.63     3.495
   3736.85     3.482
   3743.09     3.493
   3749.34     3.504
   3755.60     3.516
   3761.87     3.528
   3768.15     3.499
   3774.44     3.470
   3780.74     3.442
   3787.05     3.415
   3793.37     3.391
   3799.70     3.367
   3806.04     3.344
   3812.40     3.325
   3818.76     3.357
   3825.14     3.391
   3831.52     3.426
   3837.92     3.447
   3844.32     3.376
   3850.74     3.310
   3857.17     3.247
   3863.60     3.219
   3870.05     3.285
   3876.51     3.356
   3882.98     3.433
   3889.47     3.453
   3895.96     3.378
   3902.46     3.307
   3908.98     3.241
   3915.50     3.211
   3922.04     3.209
   3928.58     3.207
   3935.14     3.206
   3941.71     3.247
   3948.29     3.307
   3954.88     3.371
   3961.48     3.440
   3968.09     3.405
   3974.72     3.363
   3981.35     3.323
   3988.00     3.287
   3994.65     3.268
   4005.00     3.415
   4010.00     3.401
   4015.00     3.365
   4020.00     3.326
   4025.00     3.314
   4030.00     3.312
   4035.00     3.299
   4040.00     3.272
   4045.00     3.263
   4050.00     3.251
   4055.00     3.233
   4060.00     3.213
   4065.00     3.211
   4070.00     3.211
   4075.00     3.224
   4080.00     3.249
   4085.00     3.263
   4090.00     3.258
   4095.00     3.287
   4100.00     3.331
   4105.00     3.377
   4110.00     3.375
   4115.00     3.328
   4120.00     3.295
   4125.00     3.274
   4130.00     3.273
   4135.00     3.257
   4140.00     3.252
   4145.00     3.262
   4150.00     3.272
   4155.00     3.274
   4160.00     3.248
   4165.00     3.243
   4170.00     3.240
   4175.00     3.243
   4180.00     3.235
   4185.00     3.233
   4190.00     3.228
   4195.00     3.231
   4200.00     3.236
   4205.00     3.244
   4210.00     3.231
   4215.00     3.227
   4220.00     3.223
   4225.00     3.222
   4230.00     3.218
   4235.00     3.227
   4240.00     3.235
   4245.00     3.235
   4250.00     3.241
   4255.00     3.225
   4260.00     3.230
   4265.00     3.230
   4270.00     3.244
   4275.00     3.245
   4280.00     3.233
   4285.00     3.235
   4290.00     3.233
   4295.00     3.230
   4300.00     3.234
   4305.00     3.248
   4310.00     3.256
   4315.00     3.253
   4320.00     3.272
   4325.00     3.297
   4330.00     3.322
   4335.00     3.386
   4340.00     3.486
   4345.00     3.503
   4350.00     3.414
   4355.00     3.341
   4360.00     3.307
   4365.00     3.283
   4370.00     3.282
   4375.00     3.285
   4380.00     3.287
   4385.00     3.313
   4390.00     3.348
   4395.00     3.318
   4400.00     3.295
   4405.00     3.289
   4410.00     3.290
   4415.00     3.302
   4420.00     3.304
   4425.00     3.292
   4430.00     3.300
   4435.00     3.317
   4440.00     3.320
   4445.00     3.314
   4450.00     3.317
   4455.00     3.320
   4460.00     3.326
   4465.00     3.358
   4470.00     3.405
   4475.00     3.411
   4480.00     3.381
   4485.00     3.350
   4490.00     3.332
   4495.00     3.328
   4500.00     3.331
   4505.00     3.335
   4510.00     3.332
   4515.00     3.331
   4520.00     3.335
   4525.00     3.347
   4530.00     3.360
   4535.00     3.348
   4540.00     3.342
   4545.00     3.345
   4550.00     3.350
   4555.00     3.350
   4560.00     3.344
   4565.00     3.341
   4570.00     3.340
   4575.00     3.355
   4580.00     3.357
   4585.00     3.348
   4590.00     3.351
   4595.00     3.350
   4600.00     3.371
   4605.00     3.378
   4610.00     3.370
   4615.00     3.372
   4620.00     3.369
   4625.00     3.362
   4630.00     3.370
   4635.00     3.373
   4640.00     3.374
   4645.00     3.376
   4650.00     3.382
   4655.00     3.369
   4660.00     3.366
   4665.00     3.365
   4670.00     3.362
   4675.00     3.369
   4680.00     3.365
   4685.00     3.363
   4690.00     3.365
   4695.00     3.379
   4700.00     3.388
   4705.00     3.392
   4710.00     3.400
   4715.00     3.402
   4720.00     3.396
   4725.00     3.401
   4730.00     3.393
   4735.00     3.391
   4740.00     3.389
   4745.00     3.402
   4750.00     3.403
   4755.00     3.402
   4760.00     3.404
   4765.00     3.416
   4770.00     3.425
   4775.00     3.429
   4780.00     3.423
   4785.00     3.415
   4790.00     3.418
   4795.00     3.426
   4800.00     3.425
   4805.00     3.439
   4810.00     3.446
   4815.00     3.443
   4820.00     3.440
   4825.00     3.438
   4830.00     3.446
   4835.00     3.460
   4840.00     3.465
   4845.00     3.480
   4850.00     3.540
   4855.00     3.633
   4860.00     3.740
   4865.00     3.725
   4870.00     3.609
   4875.00     3.527
   4880.00     3.486
   4885.00     3.463
   4890.00     3.470
   4895.00     3.476
   4900.00     3.467
   4905.00     3.459
   4910.00     3.466
   4915.00     3.497
   4920.00     3.535
   4925.00     3.531
   4930.00     3.489
   4935.00     3.468
   4940.00     3.470
   4945.00     3.466
   4950.00     3.458
   4955.00     3.461
   4960.00     3.467
   4965.00     3.471
   4970.00     3.473
   4975.00     3.469
   4980.00     3.472
   4985.00     3.481
   4990.00     3.478
   4995.00     3.481
   5000.00     3.488
   5005.00     3.499
   5010.00     3.522
   5015.00     3.537
   5020.00     3.520
   5025.00     3.498
   5030.00     3.506
   5035.00     3.509
   5040.00     3.506
   5045.00     3.515
   5050.00     3.514
   5055.00     3.505
   5060.00     3.498
   5065.00     3.503
   5070.00     3.505
   5075.00     3.498
   5080.00     3.499
   5085.00     3.501
   5090.00     3.499
   5095.00     3.507
   5100.00     3.513
   5105.00     3.513
   5110.00     3.517
   5115.00     3.517
   5120.00     3.519
   5125.00     3.524
   5130.00     3.523
   5135.00     3.526
   5140.00     3.529
   5145.00     3.534
   5150.00     3.530
   5155.00     3.526
   5160.00     3.535
   5165.00     3.527
   5170.00     3.518
   5175.00     3.526
   5180.00     3.529
   5185.00     3.528
   5190.00     3.525
   5195.00     3.535
   5200.00     3.538
   5205.00     3.541
   5210.00     3.547
   5215.00     3.548
   5220.00     3.549
   5225.00     3.548
   5230.00     3.550
   5235.00     3.558
   5240.00     3.564
   5245.00     3.562
   5250.00     3.559
   5255.00     3.559
   5260.00     3.560
   5265.00     3.565
   5270.00     3.568
   5275.00     3.568
   5280.00     3.574
   5285.00     3.579
   5290.00     3.577
   5295.00     3.579
   5300.00     3.577
   5305.00     3.575
   5310.00     3.569
   5315.00     3.576
   5320.00     3.587
   5325.00     3.585
   5330.00     3.579
   5335.00     3.584
   5340.00     3.596
   5345.00     3.600
   5350.00     3.595
   5355.00     3.594
   5360.00     3.592
   5365.00     3.594
   5370.00     3.601
   5375.00     3.600
   5380.00     3.604
   5385.00     3.602
   5390.00     3.599
   5395.00     3.614
   5400.00     3.615
   5405.00     3.614
   5410.00     3.613
   5415.00     3.614
   5420.00     3.624
   5425.00     3.625
   5430.00     3.631
   5435.00     3.624
   5440.00     3.619
   5445.00     3.623
   5450.00     3.629
   5455.00     3.638
   5460.00     3.636
   5465.00     3.631
   5470.00     3.637
   5475.00     3.641
   5480.00     3.643
   5485.00     3.643
   5490.00     3.643
   5495.00     3.649
   5500.00     3.646
   5505.00     3.644
   5510.00     3.651
   5515.00     3.649
   5520.00     3.646
   5525.00     3.654
   5530.00     3.659
   5535.00     3.655
   5540.00     3.645
   5545.00     3.650
   5550.00     3.658
   5555.00     3.657
   5560.00     3.658
   5565.00     3.662
   5570.00     3.665
   5575.00     3.666
   5580.00     3.670
   5585.00     3.665
   5590.00     3.661
   5595.00     3.661
   5600.00     3.665
   5605.00     3.664
   5610.00     3.669
   5615.00     3.668
   5620.00     3.668
   5625.00     3.668
   5630.00     3.672
   5635.00     3.681
   5640.00     3.688
   5645.00     3.686
   5650.00     3.678
   5655.00     3.680
   5660.00     3.690
   5665.00     3.692
   5670.00     3.688
   5675.00     3.691
   5680.00     3.694
   5685.00     3.699
   5690.00     3.697
   5695.00     3.694
   5700.00     3.698
   5705.00     3.698
   5710.00     3.695
   5715.00     3.702
   5720.00     3.713
   5725.00     3.709
   5730.00     3.697
   5735.00     3.695
   5740.00     3.708
   5745.00     3.715
   5750.00     3.707
   5755.00     3.702
   5760.00     3.713
   5765.00     3.713
   5770.00     3.712
   5775.00     3.716
   5780.00     3.716
   5785.00     3.712
   5790.00     3.710
   5795.00     3.718
   5800.00     3.725
   5805.00     3.719
   5810.00     3.715
   5815.00     3.714
   5820.00     3.715
   5825.00     3.712
   5830.00     3.719
   5835.00     3.716
   5840.00     3.717
   5845.00     3.718
   5850.00     3.727
   5855.00     3.726
   5860.00     3.731
   5865.00     3.749
   5870.00     3.770
   5875.00     3.789
   5880.00     3.779
   5885.00     3.752
   5890.00     3.739
   5895.00     3.740
   5900.00     3.739
   5905.00     3.739
   5910.00     3.740
   5915.00     3.740
   5920.00     3.741
   5925.00     3.744
   5930.00     3.743
   5935.00     3.741
   5940.00     3.749
   5945.00     3.753
   5950.00     3.750
   5955.00     3.755
   5960.00     3.756
   5965.00     3.756
   5970.00     3.761
   5975.00     3.759
   5980.00     3.760
   5985.00     3.763
   5990.00     3.770
   5995.00     3.771
   6000.00     3.766
   6005.00     3.767
   6010.00     3.766
   6015.00     3.766
   6020.00     3.774
   6025.00     3.766
   6030.00     3.775
   6035.00     3.782
   6040.00     3.781
   6045.00     3.783
   6050.00     3.785
   6055.00     3.785
   6060.00     3.785
   6065.00     3.786
   6070.00     3.786
   6075.00     3.783
   6080.00     3.786
   6085.00     3.799
   6090.00     3.808
   6095.00     3.810
   6100.00     3.803
   6105.00     3.802
   6110.00     3.800
   6115.00     3.805
   6120.00     3.807
   6125.00     3.809
   6130.00     3.810
   6135.00     3.813
   6140.00     3.821
   6145.00     3.828
   6150.00     3.831
   6155.00     3.830
   6160.00     3.830
   6165.00     3.831
   6170.00     3.826
   6175.00     3.834
   6180.00     3.834
   6185.00     3.830
   6190.00     3.835
   6195.00     3.840
   6200.00     3.857
   6205.00     3.861
   6210.00     3.863
   6215.00     3.863
   6220.00     3.858
   6225.00     3.855
   6230.00     3.860
   6235.00     3.866
   6240.00     3.867
   6245.00     3.865
   6250.00     3.867
   6255.00     3.872
   6260.00     3.875
   6265.00     3.878
   6270.00     3.885
   6275.00     3.890
   6280.00     3.894
   6285.00     3.897
   6290.00     3.893
   6295.00     3.891
   6300.00     3.892
   6305.00     3.886
   6310.00     3.881
   6315.00     3.881
   6320.00     3.883
   6325.00     3.884
   6330.00     3.882
   6335.00     3.881
   6340.00     3.881
   6345.00     3.880
   6350.00     3.881
   6355.00     3.880
   6360.00     3.879
   6365.00     3.883
   6370.00     3.889
   6375.00     3.891
   6380.00     3.889
   6385.00     3.892
   6390.00     3.897
   6395.00     3.898
   6400.00     3.895
   6405.00     3.891
   6410.00     3.893
   6415.00     3.902
   6420.00     3.900
   6425.00     3.898
   6430.00     3.896
   6435.00     3.898
   6440.00     3.897
   6445.00     3.898
   6450.00     3.902
   6455.00     3.903
   6460.00     3.906
   6465.00     3.913
   6470.00     3.921
   6475.00     3.924
   6480.00     3.928
   6485.00     3.932
   6490.00     3.931
   6495.00     3.928
   6500.00     3.932
   6501.03     3.941
   6511.88     3.945
   6522.75     3.950
   6533.64     3.968
   6544.54     3.991
   6555.47     4.013
   6566.41     4.036
   6577.37     4.051
   6588.35     4.031
   6599.35     4.012
   6610.36     3.993
   6621.40     3.974
   6632.45     3.970
   6643.52     3.974
   6654.61     3.977
   6665.72     3.981
   6676.85     3.984
   6687.99     3.985
   6699.15     3.986
   6710.34     3.987
   6721.54     3.989
   6732.76     3.991
   6744.00     3.994
   6755.25     3.997
   6766.53     4.000
   6777.82     4.003
   6789.14     4.006
   6800.47     4.008
   6811.82     4.011
   6823.19     4.014
   6834.58     4.016
   6845.99     4.019
   6857.42     4.021
   6868.86     4.024
   6880.33     4.026
   6891.81     4.029
   6903.32     4.032
   6914.84     4.035
   6926.38     4.037
   6937.94     4.040
   6949.52     4.043
   6961.12     4.046
   6972.75     4.049
   6984.38     4.051
   6996.04     4.054
   7007.72     4.057
   7019.42     4.060
   7031.13     4.063
   7042.87     4.067
   7054.63     4.072
   7066.40     4.076
   7078.20     4.079
   7090.01     4.081
   7101.85     4.083
   7113.70     4.085
   7125.58     4.087
   7137.47     4.089
   7149.38     4.090
   7161.32     4.094
   7173.27     4.097
   7185.25     4.100
   7197.24     4.103
   7209.25     4.107
   7221.29     4.110
   7233.34     4.113
   7245.42     4.117
   7257.51     4.119
   7269.62     4.122
   7281.76     4.124
   7293.91     4.126
   7306.09     4.128
   7318.28     4.131
   7330.50     4.133
   7342.73     4.135
   7354.99     4.138
   7367.27     4.140
   7379.57     4.143
   7391.88     4.146
   7404.22     4.149
   7416.58     4.152
   7428.96     4.154
   7441.36     4.157
   7453.78     4.160
   7466.23     4.163
   7478.69     4.165
   7491.17     4.168
   7503.68     4.171
   7516.20     4.173
   7528.75     4.176
   7541.31     4.179
   7553.90     4.182
   7566.51     4.184
   7579.14     4.187
   7591.79     4.190
   7604.46     4.193
   7617.16     4.196
   7629.87     4.199
   7642.61     4.202
   7655.37     4.205
   7668.15     4.208
   7680.94     4.211
   7693.77     4.214
   7706.61     4.217
   7719.47     4.220
   7732.36     4.223
   7745.26     4.226
   7758.19     4.228
   7771.14     4.231
   7784.12     4.234
   7797.11     4.236
   7810.12     4.239
   7823.16     4.241
   7836.22     4.244
   7849.30     4.247
   7862.40     4.249
   7875.52     4.252
   7888.67     4.255
   7901.84     4.257
   7915.03     4.260
   7928.24     4.263
   7941.47     4.266
   7954.73     4.268
   7968.01     4.271
   7981.31     4.274
   7994.63     4.277
   8007.98     4.279
   8021.34     4.282
   8034.73     4.285
   8048.14     4.288
   8061.58     4.291
   8075.03     4.294
   8088.51     4.297
   8102.02     4.300
   8115.54     4.302
   8129.08     4.305
   8142.65     4.308
   8156.25     4.311
   8169.86     4.314
   8183.50     4.316
   8197.16     4.318
   8210.84     4.321
   8224.55     4.323
   8238.27     4.325
   8252.03     4.328
   8265.80     4.330
   8279.60     4.333
   8293.42     4.335
   8307.26     4.338
   8321.13     4.341
   8335.02     4.343
   8348.93     4.346
   8362.87     4.349
   8376.83     4.351
   8390.81     4.354
   8404.82     4.357
   8418.84     4.360
   8432.90     4.362
   8446.97     4.365
   8461.07     4.369
   8475.20     4.373
   8489.34     4.378
   8503.51     4.382
   8517.71     4.386
   8531.93     4.390
   8546.17     4.395
   8560.43     4.399
   8574.72     4.402
   8589.04     4.406
   8603.37     4.409
   8617.73     4.413
   8632.12     4.416
   8646.53     4.420
   8660.96     4.422
   8675.42     4.423
   8689.90     4.424
   8704.40     4.425
   8718.93     4.426
   8733.49     4.427
   8748.06     4.428
   8762.67     4.432
   8777.29     4.436
   8791.95     4.440
   8806.62     4.445
   8821.32     4.449
   8836.04     4.453
   8850.79     4.457
   8865.57     4.452
   8880.37     4.447
   8895.19     4.442
   8910.04     4.437
   8924.91     4.432
   8939.81     4.427
   8954.73     4.426
   8969.68     4.436
   8984.65     4.445
   8999.65     4.455
   9014.67     4.465
   9029.72     4.475
   9044.79     4.485
   9059.89     4.485
   9075.01     4.480
   9090.16     4.474
   9105.33     4.468
   9120.53     4.462
   9135.75     4.457
   9151.00     4.452
   9166.28     4.465
   9181.58     4.478
   9196.91     4.492
   9212.26     4.505
   9227.63     4.519
   9243.04     4.533
   9258.47     4.534
   9273.92     4.526
   9289.40     4.517
   9304.91     4.508
   9320.44     4.500
   9336.00     4.491
   9351.58     4.484
   9367.19     4.488
   9382.83     4.491
   9398.49     4.495
   9414.18     4.498
   9429.89     4.502
   9445.63     4.506
   9461.40     4.517
   9477.19     4.530
   9493.01     4.545
   9508.86     4.559
   9524.73     4.573
   9540.63     4.588
   9556.55     4.593
   9572.50     4.585
   9588.48     4.576
   9604.49     4.567
   9620.52     4.558
   9636.58     4.550
   9652.66     4.543
   9668.78     4.545
   9684.92     4.548
   9701.08     4.550
   9717.27     4.553
   9733.49     4.555
   9749.74     4.557
   9766.02     4.560
   9782.32     4.563
   9798.65     4.566
   9815.00     4.569
   9831.39     4.572
   9847.80     4.575
   9864.23     4.579
   9880.70     4.582
   9897.19     4.586
   9913.71     4.590
   9930.26     4.593
   9946.84     4.597
   9963.44     4.609
   9980.07     4.624
   9996.73     4.639
  10013.42     4.655
  10030.13     4.670
  10046.87     4.686
  10063.64     4.681
  10080.44     4.672
  10097.27     4.662
  10114.12     4.653
  10131.01     4.644
  10147.92     4.634
  10164.86     4.635
  10181.82     4.638
  10198.82     4.640
  10215.84     4.643
  10232.90     4.645
  10249.98     4.647
  10267.09     4.651
  10284.22     4.654
  10301.39     4.658
  10318.59     4.661
  10335.81     4.665
  10353.06     4.668
  10370.34     4.671
  10387.65     4.673
  10404.99     4.676
  10422.36     4.679
  10439.76     4.681
  10457.18     4.684
  10474.64     4.687
  10492.12     4.690
  10509.64     4.693
  10527.18     4.697
  10544.75     4.700
  10562.35     4.703
  10579.99     4.706
  10597.65     4.709
  10615.33     4.713
  10633.05     4.716
  10650.80     4.719
  10668.58     4.722
  10686.39     4.725
  10704.23     4.728
  10722.09     4.731
  10739.99     4.734
  10757.92     4.737
  10775.88     4.742
  10793.86     4.747
  10811.88     4.752
  10829.93     4.756
  10848.01     4.761
  10866.11     4.775
  10884.25     4.790
  10902.42     4.805
  10920.62     4.821
  10938.85     4.836
  10957.11     4.842
  10975.40     4.831
  10993.72     4.821
  11012.07     4.811
  11030.45     4.801
  11048.86     4.791
  11067.30     4.792
  11085.78     4.794
  11104.28     4.797
  11122.82     4.799
  11141.38     4.801
  11159.98     4.804
  11178.61     4.807
  11197.27     4.810
  11215.96     4.814
  11234.68     4.817
  11253.43     4.820
  11272.22     4.823
  11291.03     4.826
  11309.88     4.829
  11328.76     4.833
  11347.67     4.836
  11366.61     4.839
  11385.58     4.842
  11404.59     4.845
  11423.63     4.848
  11442.70     4.851
  11461.80     4.854
  11480.93     4.857
  11500.09     4.860
  11519.29     4.863
  11538.52     4.866
  11557.78     4.869
  11577.07     4.873
  11596.39     4.876
  11615.75     4.879
  11635.14     4.882
  11654.56     4.885
  11674.01     4.888
  11693.50     4.892
  11713.02     4.895
  11732.57     4.898
  11752.16     4.901
  11771.77     4.904
  11791.42     4.907
  11811.10     4.910
  11830.82     4.913
  11850.57     4.916
  11870.35     4.920
  11890.16     4.923
  11910.01     4.927
  11929.89     4.931
  11949.80     4.934
  11969.75     4.937
  11989.73     4.939
  12009.74     4.942
