   10.0000  0.000  0.6
   10.6200 85.152  0.6
   11.2500 80.548  0.6
   11.8800 76.437  0.6
   12.5000 72.744  0.6
   13.1200 69.410  0.6
   13.7500 66.384  0.6
   14.3800 63.627  0.6
   15.0000 61.105  0.6
   15.6200 58.923  0.6
   16.2500 56.906  0.6
   16.8800 55.037  0.6
   17.5000 53.300  0.6
   18.1200 51.683  0.6
   18.7500 50.173  0.6
   19.3800 48.759  0.6
   20.0000 47.434  0.6
   20.6200 46.298  0.6
   21.2500 45.221  0.6
   21.8800 44.199  0.6
   22.5000 43.229  0.6
   23.1200 42.305  0.6
   23.7500 41.426  0.6
   24.3800 40.587  0.6
   25.0000 39.787  0.6
   25.6200 39.104  0.6
   26.2500 38.443  0.6
   26.8800 37.806  0.6
   27.5000 37.189  0.6
   28.1200 36.594  0.6
   28.7500 36.018  0.6
   29.3800 35.461  0.6
   30.0000 34.922  0.6
   30.6200 34.458  0.6
   31.2500 34.005  0.6
   31.8800 33.561  0.6
   32.5000 33.128  0.6
   33.1200 32.706  0.6
   33.7500 32.294  0.6
   34.3800 31.891  0.6
   35.0000 31.499  0.6
   35.6200 31.157  0.6
   36.2500 30.820  0.6
   36.8800 30.489  0.6
   37.5000 30.164  0.6
   38.1200 29.844  0.6
   38.7500 29.531  0.6
   39.3800 29.225  0.6
   40.0000 28.925  0.6
   40.6200 28.659  0.6
   41.2500 28.398  0.6
   41.8800 28.140  0.6
   42.5000 27.887  0.6
   43.1200 27.638  0.6
   43.7500 27.393  0.6
   44.3800 27.152  0.6
   45.0000 26.915  0.6
   45.6200 26.703  0.6
   46.2500 26.494  0.6
   46.8800 26.287  0.6
   47.5000 26.084  0.6
   48.1200 25.883  0.6
   48.7500 25.686  0.6
   49.3800 25.491  0.6
   50.0000 25.300  0.6
   50.6200 25.127  0.6
   51.2500 24.955  0.6
   51.8800 24.787  0.6
   52.5000 24.620  0.6
   53.1200 24.455  0.6
   53.7500 24.293  0.6
   54.3800 24.133  0.6
   55.0000 23.975  0.6
   55.6200 23.831  0.6
   56.2500 23.688  0.6
   56.8800 23.548  0.6
   57.5000 23.409  0.6
   58.1200 23.271  0.6
   58.7500 23.136  0.6
   59.3800 23.002  0.6
   60.0000 22.871  0.6
   61.2500 22.631  1.2
   61.8800 22.513  0.6
   62.5000 22.396  0.6
   63.1200 22.280  0.6
   63.7500 22.166  0.6
   64.3800 22.054  0.6
   65.0000 21.942  0.6
   66.2500 21.737  1.2
   67.5000 21.537  1.2
   68.7500 21.341  1.2
   69.3800 21.245  0.6
   70.0000 21.149  0.6
   71.2500 20.973  1.2
   72.5000 20.800  1.2
   73.7500 20.631  1.2
   74.3800 20.547  0.6
   75.0000 20.465  0.6
   76.2500 20.312  1.2
   77.5000 20.162  1.2
   78.7500 20.015  1.2
   80.0000 19.871  1.2
   81.2500 19.737  1.2
   82.5000 19.606  1.2
   83.7500 19.477  1.2
   85.0000 19.351  1.2
   86.2500 19.233  1.2
   87.5000 19.117  1.2
   88.7500 19.003  1.2
   90.0000 18.892  1.2
   92.5000 18.684  2.5
   93.7500 18.584  1.2
   95.0000 18.485  1.2
   97.5000 18.300  2.5
  100.0000 18.122  2.5
  102.5000 17.956  2.5
  105.0000 17.796  2.5
  107.5000 17.647  2.5
  110.0000 17.503  2.5
  115.0000 17.239  5.0
  120.0000 16.999  5.0
  125.0000 16.782  5.0
  130.0000 16.584  5.0
  135.0000 16.403  5.0
  140.0000 16.238  5.0
  145.0000 16.087  5.0
  150.0000 15.950  5.0
  155.0000 15.823  5.0
  160.0000 15.706  5.0
  165.0000 15.600  5.0
  170.0000 15.502  5.0
  175.0000 15.413  5.0
  180.0000 15.330  5.0
  185.0000 15.255  5.0
  190.0000 15.186  5.0
  195.0000 15.123  5.0
  200.0000 15.065  5.0
  205.0000 15.013  5.0
  210.0000 14.965  5.0
  215.0000 14.921  5.0
  220.0000 14.882  5.0
  227.9400 14.827  7.9
  227.9500 14.827  0.0
  228.5000 14.823  0.6
  229.6000 14.816  1.1
  230.0000 14.814  0.4
  231.0000 14.808  1.0
  233.0000 14.796  2.0
  234.0000 14.790  1.0
  234.3500 14.788  0.3
  234.4500 14.788  0.1
  234.5500 14.787  0.1
  235.5500 14.782  1.0
  235.9500 14.779  0.4
  236.9500 14.774  1.0
  237.3400 14.772  0.4
  237.4400 14.771  0.1
  237.5400 14.771  0.1
  238.0000 14.768  0.5
  239.0000 14.763  1.0
  240.0000 14.758  1.0
  242.0000 14.748  2.0
  242.5200 14.746  0.5
  243.0400 14.743  0.5
  243.1400 14.743  0.1
  243.2400 14.742  0.1
  243.6200 14.741  0.4
  244.0000 14.739  0.4
  245.0000 14.734  1.0
  247.0000 14.726  2.0
  249.5000 14.715  2.5
  254.5000 14.696  5.0
  255.0000 14.694  0.5
  256.0000 14.690  1.0
  256.3300 14.689  0.3
  256.4300 14.689  0.1
  256.5300 14.689  0.1
  257.5300 14.685  1.0
  258.0000 14.684  0.5
  259.0000 14.680  1.0
  260.0000 14.677  1.0
  262.0000 14.671  2.0
  266.0000 14.659  4.0
  270.0000 14.648  4.0
  278.0000 14.629  8.0
  280.0000 14.625  2.0
  284.0000 14.617  4.0
  290.0000 14.607  6.0
  300.0000 14.592 10.0
  302.0000 14.589  2.0
  303.0000 14.588  1.0
  303.3400 14.587  0.3
  303.6800 14.587  0.3
  303.7800 14.587  0.1
  303.8800 14.587  0.1
  304.4400 14.586  0.6
  305.0000 14.585  0.6
  306.1200 14.584  1.1
  307.5000 14.582  1.4
  310.0000 14.579  2.5
  315.0000 14.573  5.0
  320.0000 14.568  5.0
  330.0000 14.558 10.0
  340.0000 14.548 10.0
  350.0000 14.537 10.0
  360.0000 14.525 10.0
  370.0000 14.513 10.0
  380.0000 14.499 10.0
  390.0000 14.483 10.0
  400.0000 14.465 10.0
  410.0000 14.446 10.0
  420.0000 14.425 10.0
  430.0000 14.402 10.0
  440.0000 14.378 10.0
  450.0000 14.352 10.0
  460.0000 14.324 10.0
  470.0000 14.296 10.0
  480.0000 14.266 10.0
  490.0000 14.235 10.0
  500.0000 14.204 10.0
  504.0000 14.191  4.0
  505.0000 14.188  1.0
  507.0000 14.181  2.0
  511.0000 14.168  4.0
  513.0000 14.161  2.0
  517.0000 14.148  4.0
  521.0000 14.135  4.0
  521.5600 14.133  0.6
  522.1100 14.131  0.6
  522.2100 14.131  0.1
  522.3100 14.131  0.1
  523.1600 14.128  0.9
  524.0000 14.125  0.8
  525.6800 14.119  1.7
  529.0400 14.108  3.4
  530.0000 14.105  1.0
  531.9200 14.099  1.9
  535.7600 14.086  3.8
  536.0000 14.085  0.2
  536.4700 14.083  0.5
  536.9300 14.082  0.5
  537.0300 14.081  0.1
  537.1300 14.081  0.1
  537.5700 14.079  0.4
  538.0000 14.078  0.4
  539.0000 14.075  1.0
  541.0000 14.068  2.0
  545.0000 14.054  4.0
  553.0000 14.027  8.0
  557.5000 14.012  4.5
  566.5000 13.981  9.0
  577.0000 13.945 10.5
  580.0000 13.935  3.0
  583.0000 13.925  3.0
  583.6200 13.923  0.6
  584.2300 13.921  0.6
  584.3300 13.920  0.1
  584.4300 13.920  0.1
  584.7200 13.919  0.3
  585.0000 13.918  0.3
  586.0000 13.915  1.0
  588.0000 13.908  2.0
  592.0000 13.894  4.0
  594.0000 13.887  2.0
  598.0000 13.874  4.0
  600.0000 13.867  2.0
  604.0000 13.854  4.0
  612.0000 13.827  8.0
  620.0000 13.800  8.0
  636.0000 13.748 16.0
  640.0000 13.735  4.0
  648.0000 13.709  8.0
  660.0000 13.671 12.0
  672.0000 13.633 12.0
  680.0000 13.609  8.0
  696.0000 13.560 16.0
  700.0000 13.549  4.0
  708.0000 13.525  8.0
  720.0000 13.491 12.0
  732.0000 13.457 12.0
  740.0000 13.435  8.0
  756.0000 13.392 16.0
  760.0000 13.382  4.0
  768.0000 13.361  8.0
  780.0000 13.331 12.0
  792.0000 13.301 12.0
  800.0000 13.282  8.0
  816.0000 13.244 16.0
  820.0000 13.235  4.0
  828.0000 13.217  8.0
  840.0000 13.191 12.0
  852.0000 13.165 12.0
  860.0000 13.148  8.0
  876.0000 13.116 16.0
  880.0000 13.108  4.0
  888.0000 13.093  8.0
  900.0000 13.070 12.0
  905.0000 13.061  5.0
  910.0000 13.053  5.0
  911.7400 13.051  1.7
  911.8400 13.054  0.1
  912.0000 13.053  0.2
  912.3200 13.053  0.3
  912.9600 13.052  0.6
  914.2400 13.050  1.3
  915.3300 13.052  1.1
  915.8200 13.053  0.5
  916.4300 13.053  0.6
  917.1800 13.051  0.8
  918.1300 13.046  1.0
  919.3500 13.038  1.2
  919.7500 13.019  0.4
  920.1600 13.012  0.4
  920.5600 13.025  0.4
  920.9600 13.049  0.4
  921.3700 13.005  0.4
  921.7700 12.975  0.4
  922.0000 12.971  0.2
  922.2500 12.982  0.2
  922.5000 13.008  0.2
  922.7500 13.050  0.2
  923.0000 13.100  0.2
  923.1500 13.119  0.1
  923.4000 13.068  0.2
  923.6500 13.004  0.2
  923.9000 12.951  0.2
  924.1500 12.913  0.2
  924.4000 12.891  0.2
  924.6500 12.886  0.2
  924.9000 12.900  0.2
  925.1500 12.934  0.2
  925.4000 12.990  0.2
  925.6500 13.068  0.2
  925.9000 13.169  0.2
  926.1500 13.279  0.2
  926.2300 13.298  0.1
  926.4800 13.196  0.2
  926.7300 13.081  0.2
  926.9800 12.980  0.2
  927.2300 12.896  0.2
  927.4800 12.827  0.2
  927.7300 12.775  0.2
  927.9800 12.737  0.2
  928.2300 12.715  0.2
  928.4800 12.709  0.2
  928.5000 12.710  0.0
  928.7500 12.722  0.2
  929.0000 12.752  0.2
  929.2500 12.800  0.2
  929.5000 12.867  0.2
  929.7500 12.954  0.2
  930.0000 13.060  0.2
  930.2500 13.187  0.2
  930.5000 13.337  0.2
  930.7500 13.468  0.2
  931.0000 13.334  0.2
  931.2500 13.181  0.2
  931.5000 13.049  0.2
  932.0000 12.832  0.5
  932.2500 12.744  0.2
  932.5000 12.667  0.2
  932.7500 12.601  0.2
  933.0000 12.545  0.2
  933.2500 12.499  0.2
  933.5000 12.462  0.2
  933.7500 12.435  0.2
  934.0000 12.417  0.2
  934.2500 12.409  0.2
  934.5000 12.411  0.2
  934.7500 12.423  0.2
  935.0000 12.446  0.2
  935.0000 12.447  0.0
  935.2500 12.481  0.2
  935.5000 12.526  0.2
  935.7500 12.583  0.2
  936.0000 12.652  0.2
  936.2500 12.734  0.2
  936.5000 12.828  0.2
  936.7500 12.935  0.2
  937.2500 13.195  0.5
  937.4300 13.312  0.2
  937.6100 13.442  0.2
  937.8000 13.571  0.2
  937.8100 13.570  0.0
  938.0100 13.431  0.2
  938.2600 13.252  0.2
  938.5100 13.102  0.2
  939.0100 12.857  0.5
  940.0100 12.494  1.0
  940.5100 12.360  0.5
  941.0100 12.251  0.5
  941.5100 12.163  0.5
  942.0100 12.093  0.5
  942.5100 12.040  0.5
  943.0100 12.003  0.5
  943.4000 11.985  0.4
  943.7800 11.977  0.4
  944.1600 11.978  0.4
  944.5500 11.988  0.4
  944.9300 12.010  0.4
  945.3200 12.042  0.4
  945.7100 12.086  0.4
  946.0900 12.142  0.4
  946.4700 12.211  0.4
  946.8600 12.294  0.4
  947.2400 12.392  0.4
  947.6300 12.505  0.4
  948.0200 12.637  0.4
  948.4000 12.788  0.4
  949.1700 13.175  0.8
  949.3600 13.304  0.2
  949.5500 13.457  0.2
  949.7400 13.617  0.2
  949.7500 13.616  0.0
  949.9500 13.445  0.2
  950.2000 13.248  0.2
  950.4500 13.092  0.2
  950.7000 12.960  0.2
  951.2000 12.733  0.5
  952.2000 12.382  1.0
  953.2000 12.125  1.0
  954.2000 11.931  1.0
  954.8800 11.827  0.7
  955.5500 11.741  0.7
  956.2200 11.670  0.7
  956.9000 11.610  0.7
  957.5800 11.561  0.7
  958.2500 11.522  0.7
  958.9200 11.490  0.7
  959.6000 11.466  0.7
  960.2800 11.449  0.7
  960.9500 11.439  0.7
  961.1500 11.438  0.2
  961.5500 11.436  0.4
  962.3500 11.441  0.8
  962.7500 11.448  0.4
  963.1500 11.457  0.4
  963.9500 11.485  0.8
  964.3500 11.504  0.4
  964.7500 11.527  0.4
  965.5500 11.584  0.8
  965.9500 11.619  0.4
  966.3500 11.659  0.4
  966.7400 11.703  0.4
  967.5100 11.806  0.8
  967.9000 11.866  0.4
  968.2900 11.933  0.4
  969.0600 12.090  0.8
  969.8300 12.281  0.8
  970.6000 12.519  0.8
  972.1500 13.251  1.5
  972.3400 13.411  0.2
  972.5400 13.609  0.2
  972.5400 13.609  0.0
  972.7400 13.405  0.2
  972.9900 13.200  0.2
  973.2400 13.044  0.2
  973.4900 12.913  0.2
  973.7400 12.797  0.2
  974.2400 12.594  0.5
  975.2400 12.271  1.0
  976.3700 11.997  1.1
  977.5000 11.788  1.1
  978.6300 11.625  1.1
  979.3200 11.543  0.7
  980.0000 11.473  0.7
  980.6800 11.412  0.7
  981.3700 11.359  0.7
  982.0500 11.313  0.7
  982.7400 11.272  0.7
  984.1100 11.206  1.4
  984.7900 11.179  0.7
  985.4800 11.155  0.7
  986.8500 11.115  1.4
  988.2200 11.083  1.4
  989.5900 11.058  1.4
  990.0000 11.052  0.4
  990.8200 11.041  0.8
  992.4600 11.022  1.6
  994.1000 11.009  1.6
  995.7400 10.999  1.6
  999.0200 10.992  3.3
 1000.0000 10.992  1.0
 1001.9600 10.996  2.0
 1003.9200 11.005  2.0
 1005.8800 11.021  2.0
 1007.8300 11.045  2.0
 1009.7900 11.080  2.0
 1010.0000 11.084  0.2
 1010.4100 11.094  0.4
 1011.2400 11.115  0.8
 1012.9100 11.168  1.7
 1013.7300 11.201  0.8
 1014.5700 11.240  0.8
 1015.4000 11.284  0.8
 1016.2300 11.336  0.8
 1017.0600 11.396  0.8
 1017.8900 11.467  0.8
 1018.7200 11.548  0.8
 1019.5500 11.643  0.8
 1020.0000 11.702  0.5
 1020.9100 11.836  0.9
 1021.8200 11.996  0.9
 1022.0000 12.032  0.2
 1022.3700 12.109  0.4
 1023.1000 12.284  0.7
 1024.0000 12.547  0.9
 1024.7600 12.834  0.8
 1024.9500 12.921  0.2
 1025.1400 13.019  0.2
 1025.3300 13.139  0.2
 1025.5200 13.296  0.2
 1025.7200 13.679  0.2
 1025.7200 13.679  0.0
 1025.9200 13.298  0.2
 1026.1700 13.099  0.2
 1026.4200 12.955  0.2
 1026.4600 12.935  0.0
 1026.7100 12.819  0.2
 1027.0000 12.701  0.3
 1027.5800 12.497  0.6
 1028.5000 12.236  0.9
 1030.0000 11.918  1.5
 1030.7500 11.793  0.8
 1031.5000 11.685  0.8
 1032.2500 11.592  0.8
 1033.0000 11.511  0.8
 1033.7500 11.440  0.8
 1034.5000 11.379  0.8
 1035.2500 11.325  0.8
 1036.0000 11.278  0.8
 1036.7500 11.237  0.8
 1037.5000 11.201  0.8
 1039.0000 11.141  1.5
 1040.0000 11.109  1.0
 1041.0000 11.082  1.0
 1043.0000 11.040  2.0
 1045.0000 11.009  2.0
 1047.0000 10.986  2.0
 1049.0000 10.969  2.0
 1050.0000 10.962  1.0
 1052.0000 10.951  2.0
 1056.0000 10.936  4.0
 1060.0000 10.928  4.0
 1064.0000 10.923  4.0
 1068.0000 10.921  4.0
 1070.0000 10.921  2.0
 1074.0000 10.921  4.0
 1078.0000 10.922  4.0
 1080.0000 10.923  2.0
 1084.0000 10.925  4.0
 1088.0000 10.927  4.0
 1090.0000 10.929  2.0
 1094.0000 10.932  4.0
 1098.0000 10.935  4.0
 1100.0000 10.936  2.0
 1104.0000 10.940  4.0
 1108.0000 10.944  4.0
 1110.0000 10.945  2.0
 1114.0000 10.949  4.0
 1118.0000 10.953  4.0
 1120.0000 10.955  2.0
 1124.0000 10.959  4.0
 1128.0000 10.963  4.0
 1130.0000 10.965  2.0
 1134.0000 10.970  4.0
 1138.0000 10.974  4.0
 1140.0000 10.976  2.0
 1144.0000 10.981  4.0
 1148.0000 10.986  4.0
 1150.0000 10.988  2.0
 1154.0000 10.993  4.0
 1158.0000 10.999  4.0
 1160.0000 11.001  2.0
 1164.0000 11.007  4.0
 1168.0000 11.014  4.0
 1170.0000 11.017  2.0
 1174.0000 11.025  4.0
 1178.0000 11.034  4.0
 1180.0000 11.039  2.0
 1184.0000 11.051  4.0
 1188.0000 11.068  4.0
 1190.0000 11.078  2.0
 1194.0000 11.107  4.0
 1196.0000 11.127  2.0
 1198.0000 11.153  2.0
 1200.0000 11.187  2.0
 1202.0000 11.233  2.0
 1203.0000 11.262  1.0
 1204.0000 11.296  1.0
 1205.0000 11.336  1.0
 1206.0000 11.384  1.0
 1207.0000 11.441  1.0
 1208.0000 11.509  1.0
 1209.0000 11.591  1.0
 1210.0000 11.690  1.0
 1210.7500 11.777  0.8
 1211.5000 11.879  0.8
 1212.2500 11.999  0.8
 1213.0000 12.140  0.8
 1213.6200 12.278  0.6
 1214.2400 12.444  0.6
 1214.5500 12.539  0.3
 1214.8500 12.648  0.3
 1215.0100 12.711  0.2
 1215.1600 12.783  0.2
 1215.3200 12.877  0.2
 1215.4700 12.985  0.2
 1215.6700 13.407  0.2
 1215.8700 12.986  0.2
 1216.1200 12.815  0.2
 1216.3700 12.694  0.2
 1216.6200 12.597  0.2
 1216.8700 12.513  0.2
 1217.2500 12.399  0.4
 1218.0100 12.208  0.8
 1218.6300 12.079  0.6
 1219.2500 11.969  0.6
 1220.0000 11.854  0.8
 1220.7500 11.755  0.8
 1221.5000 11.671  0.8
 1222.2500 11.598  0.8
 1223.0000 11.536  0.8
 1223.7500 11.481  0.8
 1225.0000 11.406  1.2
 1225.6200 11.375  0.6
 1226.2500 11.347  0.6
 1227.5000 11.300  1.2
 1228.7500 11.262  1.2
 1230.0000 11.232  1.2
 1231.2500 11.208  1.2
 1232.5000 11.188  1.2
 1233.7500 11.172  1.2
 1236.2500 11.149  2.5
 1238.7500 11.133  2.5
 1240.0000 11.127  1.2
 1242.5000 11.119  2.5
 1247.5000 11.109  5.0
 1250.0000 11.107  2.5
 1255.0000 11.105  5.0
 1260.0000 11.106  5.0
 1265.0000 11.108  5.0
 1270.0000 11.111  5.0
 1275.0000 11.114  5.0
 1280.0000 11.118  5.0
 1285.0000 11.122  5.0
 1290.0000 11.127  5.0
 1295.0000 11.131  5.0
 1300.0000 11.136  5.0
 1320.0000 11.155 20.0
 1340.0000 11.174 20.0
 1360.0000 11.194 20.0
 1380.0000 11.213 20.0
 1400.0000 11.233 20.0
 1420.0000 11.252 20.0
 1440.0000 11.271 20.0
 1450.0000 11.280 10.0
 1470.0000 11.299 20.0
 1490.0000 11.318 20.0
 1500.0000 11.327 10.0
 1520.0000 11.345 20.0
 1540.0000 11.363 20.0
 1550.0000 11.372 10.0
 1570.0000 11.390 20.0
 1590.0000 11.408 20.0
 1600.0000 11.417 10.0
 1620.0000 11.435 20.0
 1632.0000 11.445 12.0
 1634.0000 11.447  2.0
 1636.0000 11.449  2.0
 1638.0000 11.450  2.0
 1640.0000 11.452  2.0
 1640.2100 11.452  0.2
 1640.4100 11.452  0.2
 1640.6100 11.453  0.2
 1641.0000 11.453  0.4
 1641.7800 11.454  0.8
 1642.0000 11.454  0.2
 1642.4400 11.454  0.4
 1643.3200 11.455  0.9
 1644.0000 11.455  0.7
 1645.3600 11.457  1.4
 1646.0000 11.457  0.6
 1647.2800 11.458  1.3
 1648.0000 11.459  0.7
 1649.4400 11.460  1.4
 1650.0000 11.461  0.6
 1651.1200 11.462  1.1
 1653.3500 11.464  2.2
 1657.8200 11.467  4.5
 1666.7600 11.475  8.9
 1675.0000 11.482  8.2
 1691.4800 11.496 16.5
 1700.0000 11.503  8.5
 1717.0300 11.518 17.0
 1734.0600 11.532 17.0
 1750.0000 11.545 15.9
 1765.9400 11.558 15.9
 1781.8800 11.572 15.9
 1797.8100 11.585 15.9
 1800.0000 11.586  2.2
 1804.3800 11.590  4.4
 1813.1200 11.597  8.7
 1830.6200 11.611 17.5
 1848.1200 11.625 17.5
 1850.0000 11.627  1.9
 1853.7500 11.630  3.8
 1861.2500 11.636  7.5
 1876.2500 11.647 15.0
 1891.2500 11.659 15.0
 1900.0000 11.666  8.8
 1917.5000 11.680 17.5
 1935.0000 11.693 17.5
 1952.5000 11.707 17.5
 1970.0000 11.720 17.5
 1987.5000 11.733 17.5
 2000.0000 11.743 12.5
 2012.5000 11.752 12.5
 2025.0000 11.761 12.5
 2037.5000 11.771 12.5
 2050.0000 11.780 12.5
 2062.5000 11.789 12.5
 2075.0000 11.798 12.5
 2087.5000 11.807 12.5
 2100.0000 11.817 12.5
 2112.5000 11.826 12.5
 2125.0000 11.835 12.5
 2137.5000 11.844 12.5
 2150.0000 11.853 12.5
 2162.5000 11.861 12.5
 2175.0000 11.870 12.5
 2187.5000 11.879 12.5
 2200.0000 11.888 12.5
 2212.5000 11.897 12.5
 2225.0000 11.905 12.5
 2237.5000 11.914 12.5
 2250.0000 11.923 12.5
 2262.5000 11.931 12.5
 2275.0000 11.940 12.5
 2287.5000 11.948 12.5
 2300.0000 11.957 12.5
 2312.5000 11.965 12.5
 2325.0000 11.974 12.5
 2337.5000 11.982 12.5
 2350.0000 11.990 12.5
 2362.5000 11.999 12.5
 2375.0000 12.007 12.5
 2387.5000 12.015 12.5
 2400.0000 12.024 12.5
 2412.5000 12.032 12.5
 2425.0000 12.040 12.5
 2437.5000 12.048 12.5
 2450.0000 12.056 12.5
 2462.5000 12.064 12.5
 2475.0000 12.072 12.5
 2487.5000 12.080 12.5
 2500.0000 12.088 12.5
 2512.5000 12.096 12.5
 2525.0000 12.104 12.5
 2537.5000 12.112 12.5
 2550.0000 12.120 12.5
 2562.5000 12.128 12.5
 2575.0000 12.135 12.5
 2587.5000 12.143 12.5
 2600.0000 12.151 12.5
 2612.5000 12.159 12.5
 2625.0000 12.166 12.5
 2637.5000 12.174 12.5
 2650.0000 12.182 12.5
 2662.5000 12.189 12.5
 2675.0000 12.197 12.5
 2687.5000 12.204 12.5
 2700.0000 12.212 12.5
 2712.5000 12.219 12.5
 2725.0000 12.227 12.5
 2737.5000 12.234 12.5
 2750.0000 12.242 12.5
 2762.5000 12.249 12.5
 2775.0000 12.256 12.5
 2787.5000 12.264 12.5
 2800.0000 12.271 12.5
 2812.5000 12.278 12.5
 2825.0000 12.286 12.5
 2837.5000 12.293 12.5
 2850.0000 12.300 12.5
 2862.5000 12.307 12.5
 2875.0000 12.314 12.5
 2887.5000 12.322 12.5
 2900.0000 12.329 12.5
 2912.5000 12.336 12.5
 2925.0000 12.343 12.5
 2937.5000 12.350 12.5
 2950.0000 12.357 12.5
 2962.5000 12.364 12.5
 2975.0000 12.371 12.5
 2987.5000 12.378 12.5
 3000.0000 12.385 12.5
 3012.5000 12.392 12.5
 3025.0000 12.399 12.5
 3037.5000 12.405 12.5
 3050.0000 12.412 12.5
 3062.5000 12.419 12.5
 3075.0000 12.426 12.5
 3087.5000 12.433 12.5
 3100.0000 12.440 12.5
 3112.5000 12.446 12.5
 3125.0000 12.453 12.5
 3137.5000 12.460 12.5
 3150.0000 12.466 12.5
 3162.5000 12.473 12.5
 3175.0000 12.480 12.5
 3187.5000 12.486 12.5
 3200.0000 12.493 12.5
 3212.5000 12.499 12.5
 3225.0000 12.506 12.5
 3237.5000 12.512 12.5
 3250.0000 12.519 12.5
 3262.5000 12.525 12.5
 3275.0000 12.532 12.5
 3287.5000 12.538 12.5
 3300.0000 12.545 12.5
 3312.5000 12.551 12.5
 3325.0000 12.558 12.5
 3337.5000 12.564 12.5
 3350.0000 12.570 12.5
 3362.5000 12.577 12.5
 3375.0000 12.583 12.5
 3387.5000 12.589 12.5
 3400.0000 12.596 12.5
 3412.5000 12.602 12.5
 3425.0000 12.608 12.5
 3437.5000 12.614 12.5
 3450.0000 12.621 12.5
 3462.5000 12.627 12.5
 3475.0000 12.633 12.5
 3487.5000 12.639 12.5
 3500.0000 12.645 12.5
 3512.5000 12.651 12.5
 3525.0000 12.658 12.5
 3537.5000 12.664 12.5
 3550.0000 12.670 12.5
 3562.5000 12.676 12.5
 3575.0000 12.682 12.5
 3587.5000 12.688 12.5
 3600.0000 12.694 12.5
 3612.5000 12.700 12.5
 3623.5600 12.706 11.1
 3634.6200 12.711 11.1
 3645.6800 12.716 11.1
 3647.1200 12.717  1.4
 3647.2200 12.718  0.1
 3647.4700 12.718  0.2
 3647.9700 12.718  0.5
 3648.0000 12.718  0.0
 3648.2500 12.718  0.2
 3648.7500 12.719  0.5
 3649.7500 12.719  1.0
 3650.0000 12.719  0.2
 3650.5000 12.719  0.5
 3651.5000 12.720  1.0
 3653.5000 12.721  2.0
 3657.5000 12.722  4.0
 3660.0000 12.723  2.5
 3665.0000 12.726  5.0
 3670.0000 12.728  5.0
 3680.0000 12.732 10.0
 3682.8100 12.733  2.8
 3686.8300 12.735  4.0
 3690.0000 12.737  3.2
 3691.5500 12.737  1.6
 3694.6600 12.739  3.1
 3697.1500 12.740  2.5
 3700.0000 12.741  2.8
 3703.8500 12.743  3.8
 3711.5600 12.747  7.7
 3711.9700 12.747  0.4
 3712.7900 12.747  0.8
 3714.4400 12.748  1.7
 3717.7400 12.750  3.3
 3720.0000 12.751  2.3
 3721.9400 12.752  1.9
 3725.8100 12.753  3.9
 3733.5700 12.757  7.8
 3734.3700 12.757  0.8
 3735.9700 12.758  1.6
 3739.1800 12.760  3.2
 3740.0000 12.760  0.8
 3741.6400 12.761  1.6
 3744.9200 12.762  3.3
 3750.1500 12.765  5.2
 3760.0000 12.768  9.8
 3770.6300 12.773 10.6
 3780.0000 12.775  9.4
 3797.9000 12.784 17.9
 3800.0000 12.784  2.1
 3804.2000 12.783  4.2
 3812.6100 12.784  8.4
 3821.0200 12.789  8.4
 3829.4300 12.799  8.4
 3835.3800 12.807  6.0
 3841.3400 12.801  6.0
 3847.2900 12.795  5.9
 3850.0000 12.794  2.7
 3855.4100 12.793  5.4
 3866.2300 12.800 10.8
 3871.6400 12.810  5.4
 3877.0500 12.823  5.4
 3887.8800 12.859 10.8
 3889.0500 12.860  1.2
 3891.4000 12.857  2.3
 3893.7400 12.849  2.3
 3898.4400 12.834  4.7
 3900.0000 12.830  1.6
 3903.1300 12.822  3.1
 3909.3800 12.809  6.2
 3914.6900 12.803  5.3
 3920.0000 12.800  5.3
 3930.6200 12.803 10.6
 3935.3100 12.808  4.7
 3940.0000 12.817  4.7
 3949.3800 12.844  9.4
 3954.0700 12.865  4.7
 3958.7600 12.891  4.7
 3960.0000 12.899  1.2
 3962.4800 12.917  2.5
 3964.5400 12.933  2.1
 3968.6600 12.967  4.1
 3969.0700 12.971  0.4
 3969.9000 12.978  0.8
 3970.0700 12.978  0.2
 3970.3200 12.977  0.2
 3970.8200 12.973  0.5
 3971.0700 12.971  0.2
 3971.5700 12.967  0.5
 3972.5600 12.960  1.0
 3974.5600 12.944  2.0
 3975.5400 12.937  1.0
 3977.5100 12.923  2.0
 3980.0000 12.906  2.5
 3984.9900 12.879  5.0
 3990.0000 12.858  5.0
 3995.0100 12.842  5.0
 4000.0000 12.830  5.0
 4009.9700 12.816 10.0
 4019.9400 12.810 10.0
 4020.0000 12.810  0.1
 4020.2500 12.810  0.2
 4020.7500 12.809  0.5
 4021.7500 12.809  1.0
 4023.7500 12.809  2.0
 4027.7500 12.809  4.0
 4035.7500 12.811  8.0
 4040.0000 12.814  4.2
 4048.5000 12.822  8.5
 4060.0000 12.840 11.5
 4065.7500 12.854  5.8
 4071.5000 12.872  5.8
 4075.7500 12.889  4.2
 4080.0000 12.911  4.2
 4085.0000 12.943  5.0
 4090.0000 12.985  5.0
 4092.5000 13.010  2.5
 4095.0000 13.039  2.5
 4095.3700 13.044  0.4
 4096.1100 13.053  0.7
 4097.5900 13.074  1.5
 4100.5500 13.113  3.0
 4100.7400 13.115  0.2
 4101.1200 13.116  0.4
 4101.7300 13.114  0.6
 4101.7400 13.114  0.0
 4101.9900 13.115  0.2
 4102.4900 13.116  0.5
 4102.7400 13.115  0.2
 4103.2400 13.111  0.5
 4104.2400 13.099  1.0
 4106.2400 13.072  2.0
 4106.3700 13.070  0.1
 4106.6300 13.067  0.3
 4107.1500 13.060  0.5
 4108.1900 13.047  1.0
 4110.0000 13.027  1.8
 4113.6200 12.992  3.6
 4116.8100 12.966  3.2
 4120.0000 12.945  3.2
 4126.3800 12.913  6.4
 4132.7500 12.891  6.4
 4139.1300 12.876  6.4
 4140.0000 12.875  0.9
 4141.7400 12.872  1.7
 4145.2100 12.867  3.5
 4152.1700 12.860  7.0
 4160.0000 12.855  7.8
 4175.6600 12.853 15.7
 4180.0000 12.853  4.3
 4188.6700 12.854  8.7
 4200.0000 12.857 11.3
 4211.3300 12.861 11.3
 4220.0000 12.864  8.7
 4237.3400 12.873 17.3
 4240.0000 12.874  2.7
 4245.3100 12.877  5.3
 4255.9400 12.884 10.6
 4260.0000 12.887  4.1
 4268.1200 12.893  8.1
 4280.0000 12.906 11.9
 4291.8800 12.924 11.9
 4300.0000 12.942  8.1
 4308.1200 12.967  8.1
 4316.2500 13.004  8.1
 4320.0000 13.028  3.8
 4323.7500 13.056  3.8
 4325.0000 13.067  1.2
 4327.5000 13.091  2.5
 4330.0000 13.119  2.5
 4332.3700 13.149  2.4
 4334.7400 13.185  2.4
 4337.1000 13.226  2.4
 4339.4700 13.273  2.4
 4339.9700 13.288  0.5
 4340.4600 13.305  0.5
 4340.4700 13.305  0.0
 4340.7200 13.298  0.2
 4340.9700 13.288  0.2
 4341.4700 13.273  0.5
 4341.9700 13.264  0.5
 4342.9700 13.245  1.0
 4344.9700 13.208  2.0
 4345.7400 13.195  0.8
 4347.2800 13.172  1.5
 4350.0000 13.137  2.7
 4352.7200 13.107  2.7
 4355.4400 13.082  2.7
 4360.0000 13.048  4.6
 4364.5600 13.023  4.6
 4369.1200 13.004  4.6
 4370.0000 13.001  0.9
 4371.7600 12.995  1.8
 4375.2700 12.985  3.5
 4380.0000 12.975  4.7
 4389.4500 12.962  9.4
 4390.0000 12.961  0.6
 4391.0900 12.960  1.1
 4393.2800 12.958  2.2
 4397.6600 12.956  4.4
 4400.0000 12.955  2.3
 4404.6900 12.953  4.7
 4414.0600 12.952  9.4
 4432.8100 12.954 18.8
 4450.0000 12.958 17.2
 4467.1900 12.964 17.2
 4484.3800 12.970 17.2
 4500.0000 12.976 15.6
 4515.6200 12.982 15.6
 4531.2500 12.988 15.6
 4546.8800 12.995 15.6
 4550.0000 12.996  3.1
 4556.2500 12.999  6.2
 4568.7500 13.004 12.5
 4581.2500 13.009 12.5
 4593.7500 13.014 12.5
 4600.0000 13.016  6.2
 4612.5000 13.022 12.5
 4625.0000 13.027 12.5
 4637.5000 13.032 12.5
 4650.0000 13.037 12.5
 4662.5000 13.043 12.5
 4675.0000 13.048 12.5
 4687.5000 13.053 12.5
 4700.0000 13.059 12.5
 4712.5000 13.065 12.5
 4725.0000 13.070 12.5
 4737.5000 13.077 12.5
 4750.0000 13.083 12.5
 4762.5000 13.090 12.5
 4775.0000 13.098 12.5
 4787.5000 13.108 12.5
 4800.0000 13.121 12.5
 4812.5000 13.139 12.5
 4825.0000 13.168 12.5
 4831.2500 13.190  6.2
 4837.5000 13.218  6.2
 4843.7500 13.258  6.2
 4850.0000 13.314  6.2
 4852.5800 13.344  2.6
 4855.1700 13.380  2.6
 4857.7500 13.426  2.6
 4860.3300 13.483  2.6
 4861.3200 13.506  1.0
 4861.3300 13.506  0.0
 4861.5800 13.503  0.2
 4862.0800 13.488  0.5
 4862.3300 13.484  0.2
 4862.8300 13.474  0.5
 4863.8300 13.452  1.0
 4865.8300 13.411  2.0
 4866.1700 13.405  0.3
 4866.8500 13.393  0.7
 4868.2100 13.373  1.4
 4870.0000 13.350  1.8
 4873.5800 13.312  3.6
 4877.1600 13.282  3.6
 4880.7500 13.258  3.6
 4885.0000 13.235  4.2
 4889.2500 13.218  4.2
 4897.7600 13.194  8.5
 4900.0000 13.189  2.2
 4904.4800 13.182  4.5
 4913.4300 13.172  9.0
 4922.3800 13.167  8.9
 4931.3400 13.165  9.0
 4949.2400 13.165 17.9
 4967.1500 13.168 17.9
 4985.0600 13.173 17.9
 5000.0000 13.177 14.9
 5014.9400 13.182 14.9
 5029.8900 13.187 15.0
 5044.8400 13.193 14.9
 5059.7800 13.198 14.9
 5074.7300 13.204 14.9
 5089.6700 13.209 14.9
 5100.0000 13.213 10.3
 5110.3300 13.217 10.3
 5120.6600 13.220 10.3
 5130.9800 13.224 10.3
 5141.3100 13.228 10.3
 5151.6400 13.232 10.3
 5161.9700 13.236 10.3
 5172.3000 13.239 10.3
 5182.6200 13.243 10.3
 5192.9500 13.247 10.3
 5200.0000 13.250  7.1
 5214.0900 13.255 14.1
 5228.1900 13.260 14.1
 5242.2800 13.265 14.1
 5256.3800 13.270 14.1
 5270.4700 13.276 14.1
 5284.5600 13.281 14.1
 5298.6600 13.286 14.1
 5300.0000 13.286  1.3
 5302.6900 13.287  2.7
 5308.0600 13.289  5.4
 5318.8100 13.293 10.8
 5329.5600 13.297 10.8
 5340.3100 13.301 10.8
 5351.0600 13.305 10.8
 5361.8100 13.309 10.8
 5372.5600 13.313 10.8
 5383.3100 13.317 10.8
 5394.0600 13.320 10.8
 5400.0000 13.322  5.9
 5411.8800 13.327 11.9
 5423.7500 13.331 11.9
 5435.6200 13.335 11.9
 5447.5000 13.339 11.9
 5459.3800 13.344 11.9
 5471.2500 13.348 11.9
 5483.1200 13.352 11.9
 5495.0000 13.356 11.9
 5500.0000 13.358  5.0
 5510.0000 13.362 10.0
 5530.0000 13.369 20.0
 5550.0000 13.376 20.0
 5570.0000 13.383 20.0
 5590.0000 13.390 20.0
 5600.0000 13.393 10.0
 5620.0000 13.400 20.0
 5640.0000 13.407 20.0
 5660.0000 13.414 20.0
 5680.0000 13.421 20.0
 5700.0000 13.428 20.0
 5720.0000 13.434 20.0
 5740.0000 13.441 20.0
 5760.0000 13.448 20.0
 5780.0000 13.455 20.0
 5800.0000 13.462 20.0
 5820.0000 13.468 20.0
 5840.0000 13.475 20.0
 5860.0000 13.482 20.0
 5880.0000 13.488 20.0
 5900.0000 13.495 20.0
 5920.0000 13.502 20.0
 5940.0000 13.508 20.0
 5960.0000 13.515 20.0
 5980.0000 13.521 20.0
 6000.0000 13.528 20.0
 6020.0000 13.535 20.0
 6040.0000 13.541 20.0
 6060.0000 13.548 20.0
 6080.0000 13.554 20.0
 6100.0000 13.561 20.0
 6120.0000 13.567 20.0
 6140.0000 13.573 20.0
 6160.0000 13.580 20.0
 6180.0000 13.586 20.0
 6200.0000 13.593 20.0
 6220.0000 13.599 20.0
 6240.0000 13.605 20.0
 6260.0000 13.612 20.0
 6280.0000 13.618 20.0
 6300.0000 13.625 20.0
 6320.0000 13.631 20.0
 6340.0000 13.637 20.0
 6360.0000 13.644 20.0
 6380.0000 13.650 20.0
 6400.0000 13.657 20.0
 6420.0000 13.664 20.0
 6440.0000 13.672 20.0
 6450.0000 13.676 10.0
 6470.0000 13.684 20.0
 6490.0000 13.696 20.0
 6500.0000 13.703 10.0
 6520.0000 13.727 20.0
 6525.0000 13.736  5.0
 6535.0000 13.762 10.0
 6540.0000 13.780  5.0
 6545.0000 13.804  5.0
 6550.0000 13.835  5.0
 6555.0000 13.878  5.0
 6556.3100 13.892  1.3
 6558.9300 13.927  2.6
 6561.5500 13.965  2.6
 6561.8200 13.971  0.3
 6562.0800 13.984  0.3
 6562.3500 14.013  0.3
 6562.6200 14.045  0.3
 6562.8000 14.052  0.2
 6562.8200 14.052  0.0
 6563.0200 14.040  0.2
 6563.2700 14.009  0.2
 6563.5200 13.984  0.2
 6563.7700 13.972  0.2
 6564.0200 13.966  0.2
 6564.2700 13.962  0.2
 6564.7700 13.957  0.5
 6565.7700 13.943  1.0
 6566.5100 13.931  0.7
 6567.9900 13.911  1.5
 6570.0000 13.887  2.0
 6574.0200 13.853  4.0
 6578.0400 13.827  4.0
 6582.0600 13.807  4.0
 6585.0000 13.795  2.9
 6590.8700 13.776  5.9
 6600.0000 13.758  9.1
 6609.1300 13.748  9.1
 6618.2600 13.743  9.1
 6636.5200 13.739 18.3
 6654.7700 13.739 18.2
 6673.0300 13.742 18.3
 6691.2900 13.746 18.3
 6700.0000 13.748  8.7
 6717.4200 13.753 17.4
 6734.8400 13.757 17.4
 6752.2700 13.762 17.4
 6769.6900 13.767 17.4
 6787.1100 13.772 17.4
 6800.0000 13.776 12.9
 6812.8900 13.779 12.9
 6825.7800 13.783 12.9
 6838.6700 13.787 12.9
 6851.5600 13.790 12.9
 6864.4500 13.794 12.9
 6877.3400 13.798 12.9
 6890.2300 13.801 12.9
 6900.0000 13.804  9.8
 6919.5300 13.810 19.5
 6939.0600 13.815 19.5
 6958.5900 13.821 19.5
 6978.1200 13.826 19.5
 6997.6600 13.832 19.5
 7000.0000 13.833  2.3
 7004.6900 13.834  4.7
 7014.0600 13.837  9.4
 7032.8100 13.842 18.8
 7051.5600 13.847 18.8
 7070.3100 13.852 18.8
 7089.0600 13.858 18.8
 7107.8100 13.863 18.8
 7126.5600 13.868 18.8
 7145.3100 13.873 18.8
 7164.0600 13.879 18.8
 7182.8100 13.884 18.8
 7201.5600 13.889 18.8
 7220.3100 13.894 18.8
 7239.0600 13.899 18.8
 7257.8100 13.905 18.8
 7276.5600 13.910 18.8
 7295.3100 13.915 18.8
 7314.0600 13.920 18.8
 7332.8100 13.925 18.8
 7351.5600 13.930 18.8
 7370.3100 13.935 18.8
 7389.0600 13.940 18.8
 7407.8100 13.945 18.8
 7426.5600 13.950 18.8
 7445.3100 13.955 18.8
 7464.0600 13.961 18.8
 7482.8100 13.966 18.8
 7500.0000 13.970 17.2
 7517.1900 13.975 17.2
 7534.3800 13.979 17.2
 7551.5600 13.984 17.2
 7568.7500 13.988 17.2
 7585.9400 13.993 17.2
 7603.1200 13.997 17.2
 7620.3100 14.002 17.2
 7637.5000 14.007 17.2
 7654.6900 14.011 17.2
 7671.8800 14.016 17.2
 7689.0600 14.020 17.2
 7706.2500 14.024 17.2
 7723.4400 14.029 17.2
 7740.6200 14.033 17.2
 7757.8100 14.038 17.2
 7775.0000 14.042 17.2
 7792.1900 14.047 17.2
 7809.3800 14.051 17.2
 7826.5600 14.056 17.2
 7843.7500 14.060 17.2
 7860.9400 14.064 17.2
 7878.1200 14.069 17.2
 7895.3100 14.073 17.2
 7912.5000 14.078 17.2
 7929.6900 14.082 17.2
 7946.8800 14.086 17.2
 7964.0600 14.091 17.2
 7981.2500 14.095 17.2
 7998.4400 14.099 17.2
 8000.0000 14.100  1.6
 8003.1200 14.100  3.1
 8009.3800 14.102  6.3
 8021.8800 14.105 12.5
 8034.3800 14.108 12.5
 8046.8800 14.111 12.5
 8059.3800 14.115 12.5
 8071.8800 14.118 12.5
 8084.3800 14.121 12.5
 8096.8800 14.124 12.5
 8109.3800 14.127 12.5
 8121.8800 14.130 12.5
 8134.3800 14.133 12.5
 8146.8800 14.136 12.5
 8159.3800 14.139 12.5
 8171.8800 14.142 12.5
 8184.3800 14.146 12.5
 8196.8800 14.149 12.5
 8206.0600 14.151  9.2
 8206.1600 14.151  0.1
 8206.4100 14.151  0.2
 8206.5000 14.151  0.1
 8206.7500 14.151  0.2
 8207.2500 14.151  0.5
 8208.2500 14.152  1.0
 8210.2500 14.152  2.0
 8214.2500 14.153  4.0
 8222.2500 14.155  8.0
 8238.2500 14.159 16.0
 8254.2500 14.163 16.0
 8270.2500 14.166 16.0
 8286.2500 14.170 16.0
 8302.2500 14.174 16.0
 8318.2500 14.178 16.0
 8334.2500 14.182 16.0
 8350.2500 14.186 16.0
 8366.2500 14.189 16.0
 8382.2500 14.193 16.0
 8392.4000 14.196 10.1
 8402.5400 14.198 10.1
 8412.6900 14.200 10.1
 8413.3200 14.201  0.6
 8414.5900 14.201  1.3
 8417.1300 14.201  2.5
 8422.2000 14.203  5.1
 8432.3400 14.205 10.1
 8437.9600 14.206  5.6
 8449.2000 14.209 11.2
 8460.4400 14.212 11.2
 8467.2600 14.213  6.8
 8480.9000 14.217 13.6
 8494.5400 14.220 13.6
 8500.0000 14.221  5.5
 8502.4900 14.222  2.5
 8507.4600 14.223  5.0
 8517.4000 14.225  9.9
 8537.2900 14.230 19.9
 8545.3900 14.232  8.1
 8561.5700 14.236 16.2
 8577.7600 14.239 16.2
 8593.9400 14.243 16.2
 8598.3900 14.244  4.4
 8607.2900 14.246  8.9
 8625.0900 14.250 17.8
 8642.8900 14.255 17.8
 8660.6800 14.259 17.8
 8665.0200 14.260  4.3
 8673.6900 14.262  8.7
 8691.0400 14.266 17.4
 8708.3900 14.270 17.3
 8725.7400 14.274 17.4
 8743.0800 14.278 17.3
 8750.4700 14.279  7.4
 8765.2500 14.283 14.8
 8780.0300 14.286 14.8
 8794.8100 14.289 14.8
 8809.5900 14.292 14.8
 8824.3700 14.296 14.8
 8839.1500 14.299 14.8
 8853.9300 14.303 14.8
 8862.7900 14.305  8.9
 8880.5000 14.308 17.7
 8898.2200 14.312 17.7
 8915.9400 14.316 17.7
 8933.6500 14.320 17.7
 8951.3700 14.324 17.7
 8969.0900 14.328 17.7
 8986.8000 14.333 17.7
 9004.5200 14.337 17.7
 9014.9100 14.340 10.4
 9025.3100 14.342 10.4
 9035.7000 14.344 10.4
 9046.0900 14.345 10.4
 9056.4800 14.347 10.4
 9066.8800 14.349 10.4
 9077.2700 14.351 10.4
 9087.6600 14.353 10.4
 9098.0500 14.355 10.4
 9108.4500 14.357 10.4
 9118.8400 14.360 10.4
 9129.2300 14.362 10.4
 9139.6200 14.365 10.4
 9150.0200 14.368 10.4
 9160.4100 14.371 10.4
 9170.8000 14.374 10.4
 9181.2000 14.377 10.4
 9191.5900 14.380 10.4
 9201.9800 14.384 10.4
 9212.3700 14.387 10.4
 9222.7700 14.390 10.4
 9229.0200 14.392  6.2
 9241.5200 14.393 12.5
 9250.0000 14.394  8.5
 9266.9700 14.396 17.0
 9283.9400 14.398 17.0
 9300.9100 14.400 17.0
 9317.8800 14.402 17.0
 9334.8400 14.405 17.0
 9351.8100 14.408 17.0
 9368.7800 14.411 17.0
 9385.7500 14.415 17.0
 9402.7200 14.419 17.0
 9419.6900 14.424 17.0
 9436.6600 14.429 17.0
 9453.6200 14.434 17.0
 9470.5900 14.440 17.0
 9487.5600 14.447 17.0
 9504.5300 14.455 17.0
 9521.5000 14.463 17.0
 9538.4700 14.472 17.0
 9545.9700 14.476  7.5
 9560.9800 14.474 15.0
 9575.9800 14.473 15.0
 9590.9900 14.471 15.0
 9606.0000 14.471 15.0
 9621.0000 14.471 15.0
 9636.0100 14.471 15.0
 9651.0100 14.473 15.0
 9666.0200 14.474 15.0
 9681.0200 14.476 15.0
 9696.0300 14.478 15.0
 9711.0400 14.480 15.0
 9726.0400 14.483 15.0
 9741.0500 14.485 15.0
 9756.0500 14.488 15.0
 9771.0600 14.491 15.0
 9786.0700 14.494 15.0
 9801.0700 14.497 15.0
 9816.0800 14.500 15.0
 9831.0800 14.504 15.0
 9846.0900 14.507 15.0
 9861.0900 14.511 15.0
 9876.1000 14.515 15.0
 9891.1100 14.519 15.0
 9906.1100 14.524 15.0
 9921.1200 14.529 15.0
 9936.1200 14.534 15.0
 9951.1300 14.541 15.0
 9966.1400 14.548 15.0
 9981.1400 14.556 15.0
 9996.1500 14.566 15.0
10000.0000 14.569  3.9
10007.7100 14.575  7.7
10023.1200 14.588 15.4
10038.5300 14.603 15.4
10049.3700 14.606 10.8
10060.2200 14.607 10.8
10071.0600 14.601 10.8
10081.9100 14.595 10.9
10092.7500 14.590 10.8
10103.6000 14.586 10.9
10114.4500 14.583 10.9
10125.2900 14.581 10.8
10136.1400 14.580 10.8
10146.9800 14.580 10.8
10157.8300 14.579 10.9
10168.6700 14.580 10.8
10179.5200 14.580 10.9
10190.3700 14.581 10.9
10201.2100 14.582 10.8
10212.0600 14.583 10.9
10222.9000 14.584 10.8
10233.7500 14.586 10.9
10244.5900 14.587 10.8
10255.4400 14.589 10.9
10266.2900 14.591 10.9
10277.1300 14.592 10.8
10287.9800 14.594 10.9
10298.8200 14.596 10.8
10309.6700 14.598 10.9
10320.5100 14.600 10.8
10331.3600 14.602 10.9
10342.2100 14.604 10.8
10353.0500 14.606 10.8
10363.9000 14.608 10.9
10374.7400 14.610 10.8
10385.5900 14.612 10.9
10396.4300 14.614 10.8
10407.2800 14.616 10.9
10418.1300 14.618 10.8
10428.9700 14.620 10.8
10439.8200 14.622 10.9
10450.6600 14.624 10.8
10461.5100 14.627 10.9
10472.3500 14.629 10.8
10483.2000 14.631 10.9
10494.0400 14.633 10.8
10504.8900 14.635 10.8
10515.7400 14.637 10.9
10526.5800 14.639 10.8
10537.4300 14.642 10.9
10548.2700 14.644 10.8
10559.1200 14.646 10.9
10569.9600 14.648 10.8
10580.8100 14.650 10.9
10591.6600 14.653 10.9
10602.5000 14.655 10.8
10613.3500 14.657 10.9
10624.1900 14.659 10.8
10635.0400 14.661 10.9
10645.8800 14.664 10.8
10656.7300 14.666 10.9
10667.5800 14.668 10.9
10678.4200 14.671 10.8
10689.2700 14.673 10.9
10700.1100 14.676 10.8
10710.9600 14.678 10.8
10721.8000 14.681 10.8
10732.6500 14.683 10.9
10743.5000 14.686 10.9
10754.3400 14.689 10.8
10765.1900 14.692 10.9
10776.0300 14.695 10.8
10786.8800 14.699 10.8
10797.7200 14.702 10.8
10808.5700 14.706 10.9
10819.4200 14.711 10.9
10830.2600 14.715 10.8
10841.1100 14.721 10.9
10851.9500 14.727 10.8
10862.8000 14.734 10.8
10873.6400 14.742 10.8
10884.4900 14.752 10.9
10895.3400 14.763 10.9
10906.1800 14.776 10.8
10917.0300 14.792 10.9
10927.8700 14.809 10.8
10932.9800 14.819  5.1
10938.0900 14.836  5.1
10938.3400 14.836  0.2
10938.8400 14.834  0.5
10939.8400 14.830  1.0
10941.8400 14.823  2.0
10945.8400 14.816  4.0
10953.8400 14.805  8.0
10969.8400 14.788 16.0
10985.8400 14.775 16.0
11001.8400 14.766 16.0
11017.8400 14.760 16.0
11033.8400 14.756 16.0
11049.8400 14.755 16.0
11065.8400 14.754 16.0
11081.8400 14.754 16.0
11097.8400 14.755 16.0
11113.8400 14.757 16.0
11129.8400 14.758 16.0
11145.8400 14.761 16.0
11161.8400 14.763 16.0
11177.8400 14.765 16.0
11193.8400 14.768 16.0
11209.8400 14.770 16.0
11225.8400 14.773 16.0
11241.8400 14.775 16.0
11257.8400 14.778 16.0
11273.8400 14.781 16.0
11289.8400 14.784 16.0
11305.8400 14.786 16.0
11321.8400 14.789 16.0
11337.8400 14.792 16.0
11353.8400 14.795 16.0
11369.8400 14.798 16.0
11385.8400 14.801 16.0
11401.8400 14.803 16.0
11417.8400 14.806 16.0
11433.8400 14.809 16.0
11449.8400 14.812 16.0
11465.8400 14.815 16.0
11481.8400 14.818 16.0
11497.8400 14.821 16.0
11513.8400 14.823 16.0
11529.8400 14.826 16.0
11545.8400 14.829 16.0
11561.8400 14.832 16.0
11577.8400 14.835 16.0
11593.8400 14.838 16.0
11609.8400 14.841 16.0
11625.8400 14.843 16.0
11641.8400 14.846 16.0
11657.8400 14.849 16.0
11673.8400 14.852 16.0
11689.8400 14.855 16.0
11705.8400 14.858 16.0
11721.8400 14.860 16.0
11737.8400 14.863 16.0
11753.8400 14.866 16.0
11769.8400 14.869 16.0
11785.8400 14.872 16.0
11801.8400 14.874 16.0
11817.8400 14.877 16.0
11833.8400 14.880 16.0
11849.8400 14.883 16.0
11865.8400 14.886 16.0
11881.8400 14.888 16.0
11897.8400 14.891 16.0
11913.8400 14.894 16.0
11929.8400 14.897 16.0
11945.8400 14.900 16.0
11961.8400 14.902 16.0
11977.8400 14.905 16.0
11993.8400 14.908 16.0
12000.0000 14.909  6.2
12012.3100 14.911 12.3
12024.6300 14.914 12.3
12036.9400 14.916 12.3
12049.2600 14.918 12.3
12061.5700 14.920 12.3
12073.8900 14.922 12.3
12086.2000 14.924 12.3
12098.5200 14.926 12.3
12110.8300 14.929 12.3
12123.1400 14.931 12.3
12135.4600 14.933 12.3
12147.7700 14.935 12.3
12160.0900 14.937 12.3
12172.4000 14.939 12.3
12184.7200 14.941 12.3
12197.0300 14.943 12.3
12209.3500 14.946 12.3
12221.6600 14.948 12.3
12233.9700 14.950 12.3
12246.2900 14.952 12.3
12258.6000 14.954 12.3
12270.9200 14.956 12.3
12283.2300 14.958 12.3
12295.5500 14.960 12.3
12307.8600 14.963 12.3
12320.1800 14.965 12.3
12332.4900 14.967 12.3
12344.8000 14.969 12.3
12357.1200 14.971 12.3
12369.4300 14.973 12.3
12381.7500 14.975 12.3
12394.0600 14.977 12.3
12406.3800 14.980 12.3
12418.6900 14.982 12.3
12431.0100 14.984 12.3
12443.3200 14.986 12.3
12455.6300 14.988 12.3
12467.9500 14.990 12.3
12480.2600 14.993 12.3
12492.5800 14.995 12.3
12504.8900 14.997 12.3
12517.2100 14.999 12.3
12529.5200 15.002 12.3
12541.8400 15.004 12.3
12554.1500 15.006 12.3
12566.4600 15.009 12.3
12578.7800 15.011 12.3
12591.0900 15.014 12.3
12603.4100 15.017 12.3
12615.7200 15.019 12.3
12628.0400 15.022 12.3
12640.3500 15.025 12.3
12652.6700 15.029 12.3
12664.9800 15.032 12.3
12677.2900 15.036 12.3
12689.6100 15.040 12.3
12701.9200 15.045 12.3
12714.2400 15.051 12.3
12726.5500 15.057 12.3
12738.8700 15.065 12.3
12751.1800 15.075 12.3
12763.5000 15.086 12.3
12775.8100 15.101 12.3
12788.1300 15.119 12.3
12800.4400 15.143 12.3
12812.7500 15.168 12.3
12815.4100 15.171  2.7
12818.0800 15.163  2.7
12818.3300 15.164  0.2
12818.8300 15.167  0.5
12819.8300 15.171  1.0
12821.8300 15.171  2.0
12823.8300 15.169  2.0
12827.8300 15.163  4.0
12835.8300 15.148  8.0
12851.8300 15.123 16.0
12867.8300 15.107 16.0
12883.8300 15.096 16.0
12899.8300 15.089 16.0
12915.8300 15.085 16.0
12931.8300 15.082 16.0
12947.8300 15.081 16.0
12963.8300 15.081 16.0
12979.8300 15.081 16.0
12995.8300 15.082 16.0
13011.8300 15.084 16.0
13027.8300 15.085 16.0
13043.8300 15.087 16.0
13059.8300 15.089 16.0
13075.8300 15.091 16.0
13091.8300 15.093 16.0
13107.8300 15.095 16.0
13123.8300 15.098 16.0
13139.8300 15.100 16.0
13155.8300 15.102 16.0
13171.8300 15.105 16.0
13187.8300 15.107 16.0
13203.8300 15.109 16.0
13219.8300 15.112 16.0
13235.8300 15.114 16.0
13251.8300 15.117 16.0
13267.8300 15.119 16.0
13283.8300 15.122 16.0
13299.8300 15.124 16.0
13315.8300 15.126 16.0
13331.8300 15.129 16.0
13347.8300 15.131 16.0
13363.8300 15.134 16.0
13379.8300 15.136 16.0
13395.8300 15.139 16.0
13411.8300 15.141 16.0
13427.8300 15.144 16.0
13443.8300 15.146 16.0
13459.8300 15.149 16.0
13475.8300 15.151 16.0
13491.8300 15.154 16.0
13507.8300 15.156 16.0
13523.8300 15.158 16.0
13539.8300 15.161 16.0
13555.8300 15.163 16.0
13571.8300 15.166 16.0
13587.8300 15.168 16.0
13603.8300 15.171 16.0
13619.8300 15.173 16.0
13635.8300 15.175 16.0
13651.8300 15.178 16.0
13667.8300 15.180 16.0
13683.8300 15.183 16.0
13699.8300 15.185 16.0
13715.8300 15.188 16.0
13731.8300 15.190 16.0
13747.8300 15.193 16.0
13763.8300 15.195 16.0
13779.8300 15.197 16.0
13795.8300 15.200 16.0
13811.8300 15.202 16.0
13827.8300 15.205 16.0
13843.8300 15.207 16.0
13859.8300 15.210 16.0
13875.8300 15.212 16.0
13891.8300 15.214 16.0
13907.8300 15.217 16.0
13923.8300 15.219 16.0
13939.8300 15.222 16.0
13955.8300 15.224 16.0
13971.8300 15.226 16.0
13987.8300 15.229 16.0
14000.0000 15.231 12.2
14012.1700 15.232 12.2
14024.3500 15.234 12.2
14036.5200 15.236 12.2
14048.7000 15.238 12.2
14060.8700 15.239 12.2
14073.0500 15.241 12.2
14085.2200 15.243 12.2
14097.4000 15.245 12.2
14109.5700 15.247 12.2
14121.7500 15.248 12.2
14133.9200 15.250 12.2
14146.1000 15.252 12.2
14158.2700 15.254 12.2
14170.4500 15.255 12.2
14182.6200 15.257 12.2
14194.8000 15.259 12.2
14206.9700 15.261 12.2
14219.1500 15.262 12.2
14231.3200 15.264 12.2
14243.5000 15.266 12.2
14255.6700 15.268 12.2
14267.8500 15.269 12.2
14280.0200 15.271 12.2
14292.2000 15.273 12.2
14304.3700 15.275 12.2
14316.5400 15.276 12.2
14328.7200 15.278 12.2
14340.8900 15.280 12.2
14353.0700 15.282 12.2
14365.2400 15.283 12.2
14377.4200 15.285 12.2
14389.5900 15.287 12.2
14401.7700 15.288 12.2
14413.9400 15.290 12.2
14426.1200 15.292 12.2
14438.2900 15.294 12.2
14450.4700 15.295 12.2
14462.6400 15.297 12.2
14474.8200 15.299 12.2
14486.9900 15.301 12.2
14499.1700 15.302 12.2
14511.3400 15.304 12.2
14523.5200 15.306 12.2
14535.6900 15.307 12.2
14547.8700 15.309 12.2
14560.0400 15.311 12.2
14572.2200 15.313 12.2
14584.3900 15.314 12.2
14596.5700 15.316 12.2
14608.7400 15.318 12.2
14620.9200 15.319 12.2
14633.0900 15.321 12.2
14645.2600 15.323 12.2
14657.4400 15.325 12.2
14669.6100 15.326 12.2
14681.7900 15.328 12.2
14693.9600 15.330 12.2
14706.1400 15.331 12.2
14718.3100 15.333 12.2
14730.4900 15.335 12.2
14742.6600 15.336 12.2
14754.8400 15.338 12.2
14767.0100 15.340 12.2
14779.1900 15.342 12.2
14791.3600 15.343 12.2
14803.5400 15.345 12.2
14815.7100 15.347 12.2
14827.8900 15.348 12.2
14840.0600 15.350 12.2
14852.2400 15.352 12.2
14864.4100 15.353 12.2
14876.5900 15.355 12.2
14888.7600 15.357 12.2
14900.9400 15.358 12.2
14913.1100 15.360 12.2
14925.2900 15.362 12.2
14937.4600 15.363 12.2
14949.6300 15.365 12.2
14961.8100 15.367 12.2
14973.9800 15.368 12.2
14986.1600 15.370 12.2
14998.3300 15.372 12.2
15010.5100 15.373 12.2
15022.6800 15.375 12.2
15034.8600 15.377 12.2
15047.0300 15.378 12.2
15059.2100 15.380 12.2
15071.3800 15.382 12.2
15083.5600 15.383 12.2
15095.7300 15.385 12.2
15107.9100 15.387 12.2
15120.0800 15.388 12.2
15132.2600 15.390 12.2
15144.4300 15.392 12.2
15156.6100 15.393 12.2
15168.7800 15.395 12.2
15180.9600 15.397 12.2
15193.1300 15.398 12.2
15205.3100 15.400 12.2
15217.4800 15.402 12.2
15229.6600 15.403 12.2
15241.8300 15.405 12.2
15254.0000 15.406 12.2
15266.1800 15.408 12.2
15278.3500 15.410 12.2
15290.5300 15.411 12.2
15302.7000 15.413 12.2
15314.8800 15.415 12.2
15327.0500 15.416 12.2
15339.2300 15.418 12.2
15351.4000 15.420 12.2
15363.5800 15.421 12.2
15375.7500 15.423 12.2
15387.9300 15.424 12.2
15400.1000 15.426 12.2
15412.2800 15.428 12.2
15424.4500 15.429 12.2
15436.6300 15.431 12.2
15448.8000 15.433 12.2
15460.9800 15.434 12.2
15473.1500 15.436 12.2
15485.3300 15.437 12.2
15497.5000 15.439 12.2
15509.6800 15.441 12.2
15521.8500 15.442 12.2
15534.0300 15.444 12.2
15546.2000 15.445 12.2
15558.3800 15.447 12.2
15570.5500 15.449 12.2
15582.7200 15.450 12.2
15594.9000 15.452 12.2
15607.0700 15.454 12.2
15619.2500 15.455 12.2
15631.4200 15.457 12.2
15643.6000 15.458 12.2
15655.7700 15.460 12.2
15667.9500 15.462 12.2
15680.1200 15.463 12.2
15692.3000 15.465 12.2
15704.4700 15.466 12.2
15716.6500 15.468 12.2
15728.8200 15.470 12.2
15741.0000 15.471 12.2
15753.1700 15.473 12.2
15765.3500 15.474 12.2
15777.5200 15.476 12.2
15789.7000 15.477 12.2
15801.8700 15.479 12.2
15814.0500 15.481 12.2
15826.2200 15.482 12.2
15838.4000 15.484 12.2
15850.5700 15.485 12.2
15862.7500 15.487 12.2
15874.9200 15.489 12.2
15887.0900 15.490 12.2
15899.2700 15.492 12.2
15911.4400 15.493 12.2
15923.6200 15.495 12.2
15935.7900 15.496 12.2
15947.9700 15.498 12.2
15960.1400 15.500 12.2
15972.3200 15.501 12.2
15984.4900 15.503 12.2
15996.6700 15.504 12.2
16000.0000 15.505  3.3
16006.6600 15.506  6.7
16019.9900 15.507 13.3
16033.3200 15.509 13.3
16046.6500 15.511 13.3
16059.9800 15.513 13.3
16073.3000 15.514 13.3
16086.6300 15.516 13.3
16099.9600 15.518 13.3
16113.2900 15.520 13.3
16126.6200 15.521 13.3
16139.9500 15.523 13.3
16153.2700 15.525 13.3
16166.6000 15.527 13.3
16179.9300 15.528 13.3
16193.2600 15.530 13.3
16206.5900 15.532 13.3
16219.9100 15.534 13.3
16233.2400 15.535 13.3
16246.5700 15.537 13.3
16259.9000 15.539 13.3
16273.2300 15.540 13.3
16286.5500 15.542 13.3
16299.8800 15.544 13.3
16313.2100 15.546 13.3
16326.5400 15.547 13.3
16339.8700 15.549 13.3
16353.2000 15.551 13.3
16366.5200 15.553 13.3
16379.8500 15.554 13.3
16393.1800 15.556 13.3
16406.5100 15.558 13.3
16419.8400 15.559 13.3
16433.1600 15.561 13.3
16446.4900 15.563 13.3
16459.8200 15.565 13.3
16473.1500 15.566 13.3
16486.4800 15.568 13.3
16499.8000 15.570 13.3
16513.1300 15.571 13.3
16526.4600 15.573 13.3
16539.7900 15.575 13.3
16553.1200 15.576 13.3
16566.4500 15.578 13.3
16579.7700 15.580 13.3
16593.1000 15.582 13.3
16606.4300 15.583 13.3
16619.7600 15.585 13.3
16633.0900 15.587 13.3
16646.4100 15.588 13.3
16659.7400 15.590 13.3
16673.0700 15.592 13.3
16686.4000 15.593 13.3
16699.7300 15.595 13.3
16713.0500 15.597 13.3
16726.3800 15.598 13.3
16739.7100 15.600 13.3
16753.0400 15.602 13.3
16766.3700 15.604 13.3
16779.7000 15.605 13.3
16793.0200 15.607 13.3
16806.3500 15.609 13.3
16819.6800 15.610 13.3
16833.0100 15.612 13.3
16846.3400 15.614 13.3
16859.6600 15.615 13.3
16872.9900 15.617 13.3
16886.3200 15.619 13.3
16899.6500 15.620 13.3
16912.9800 15.622 13.3
16926.3000 15.624 13.3
16939.6300 15.625 13.3
16952.9600 15.627 13.3
16966.2900 15.629 13.3
16979.6200 15.630 13.3
16992.9500 15.632 13.3
17006.2700 15.634 13.3
17019.6000 15.635 13.3
17032.9300 15.637 13.3
17046.2600 15.638 13.3
17059.5900 15.640 13.3
17072.9100 15.642 13.3
17086.2400 15.643 13.3
17099.5700 15.645 13.3
17112.9000 15.647 13.3
17126.2300 15.648 13.3
17139.5500 15.650 13.3
17152.8800 15.652 13.3
17166.2100 15.653 13.3
17179.5400 15.655 13.3
17192.8700 15.657 13.3
17206.2000 15.658 13.3
17219.5200 15.660 13.3
17232.8500 15.661 13.3
17246.1800 15.663 13.3
17259.5100 15.665 13.3
17272.8400 15.666 13.3
17286.1600 15.668 13.3
17299.4900 15.670 13.3
17312.8200 15.671 13.3
17326.1500 15.673 13.3
17339.4800 15.675 13.3
17352.8000 15.676 13.3
17366.1300 15.678 13.3
17379.4600 15.679 13.3
17392.7900 15.681 13.3
17406.1200 15.683 13.3
17419.4500 15.684 13.3
17432.7700 15.686 13.3
17446.1000 15.687 13.3
17459.4300 15.689 13.3
17472.7600 15.691 13.3
17486.0900 15.692 13.3
17499.4100 15.694 13.3
17512.7400 15.696 13.3
17526.0700 15.697 13.3
17539.4000 15.699 13.3
17552.7300 15.700 13.3
17566.0500 15.702 13.3
17579.3800 15.704 13.3
17592.7100 15.705 13.3
17606.0400 15.707 13.3
17619.3700 15.708 13.3
17632.7000 15.710 13.3
17646.0200 15.712 13.3
17659.3500 15.713 13.3
17672.6800 15.715 13.3
17686.0100 15.716 13.3
17699.3400 15.718 13.3
17712.6600 15.720 13.3
17725.9900 15.721 13.3
17739.3200 15.723 13.3
17752.6500 15.724 13.3
17765.9800 15.726 13.3
17779.3000 15.728 13.3
17792.6300 15.729 13.3
17805.9600 15.731 13.3
17819.2900 15.732 13.3
17832.6200 15.734 13.3
17845.9500 15.735 13.3
17859.2700 15.737 13.3
17872.6000 15.739 13.3
17885.9300 15.740 13.3
17899.2600 15.742 13.3
17912.5900 15.743 13.3
17925.9100 15.745 13.3
17939.2400 15.746 13.3
17952.5700 15.748 13.3
17965.9000 15.750 13.3
17979.2300 15.751 13.3
17992.5500 15.753 13.3
18000.0000 15.754  7.5
18014.8900 15.756 14.9
18029.7800 15.757 14.9
18044.6700 15.759 14.9
18059.5600 15.761 14.9
18074.4500 15.763 14.9
18089.3400 15.765 14.9
18104.2300 15.766 14.9
18119.1300 15.768 14.9
18134.0200 15.770 14.9
18148.9100 15.772 14.9
18163.8000 15.773 14.9
18178.6900 15.775 14.9
18193.5800 15.777 14.9
18208.4700 15.779 14.9
18223.3600 15.780 14.9
18238.2500 15.782 14.9
18253.1400 15.784 14.9
18268.0300 15.786 14.9
18282.9200 15.788 14.9
18297.8100 15.789 14.9
18312.7000 15.791 14.9
18327.5900 15.793 14.9
18342.4800 15.795 14.9
18357.3800 15.797 14.9
18372.2700 15.798 14.9
18387.1600 15.800 14.9
18402.0500 15.802 14.9
18416.9400 15.804 14.9
18431.8300 15.806 14.9
18446.7200 15.808 14.9
18461.6100 15.810 14.9
18476.5000 15.812 14.9
18491.3900 15.814 14.9
18506.2800 15.816 14.9
18521.1700 15.818 14.9
18536.0600 15.821 14.9
18550.9500 15.823 14.9
18565.8400 15.826 14.9
18580.7300 15.829 14.9
18595.6300 15.832 14.9
18610.5200 15.836 14.9
18625.4100 15.840 14.9
18640.3000 15.845 14.9
18655.1900 15.851 14.9
18670.0800 15.858 14.9
18684.9700 15.867 14.9
18699.8600 15.879 14.9
18714.7500 15.894 14.9
18729.6400 15.913 14.9
18744.5300 15.932 14.9
18746.1800 15.937  1.7
18747.8300 15.947  1.7
18749.4800 15.972  1.6
18751.1200 16.004  1.6
18752.7700 15.972  1.7
18754.4200 15.947  1.6
18756.0600 15.938  1.6
18757.7100 15.933  1.6
18761.0000 15.929  3.3
18767.5900 15.923  6.6
18780.7600 15.909 13.2
18793.9300 15.896 13.2
18807.1000 15.887 13.2
18820.2800 15.880 13.2
18833.4500 15.875 13.2
18846.6200 15.872 13.2
18859.7900 15.870 13.2
18872.9600 15.868 13.2
18886.1300 15.867 13.2
18899.3100 15.867 13.2
18912.4800 15.867 13.2
18925.6500 15.867 13.2
18938.8200 15.868 13.2
18951.9900 15.868 13.2
18965.1700 15.869 13.2
18978.3400 15.870 13.2
18991.5100 15.871 13.2
19004.6800 15.872 13.2
19017.8500 15.873 13.2
19031.0300 15.874 13.2
19044.2000 15.875 13.2
19057.3700 15.877 13.2
19070.5400 15.878 13.2
19083.7100 15.879 13.2
19096.8800 15.881 13.2
19110.0600 15.882 13.2
19123.2300 15.883 13.2
19136.4000 15.885 13.2
19149.5700 15.886 13.2
19162.7400 15.887 13.2
19175.9200 15.889 13.2
19189.0900 15.890 13.2
19202.2600 15.891 13.2
19215.4300 15.893 13.2
19228.6000 15.894 13.2
19241.7800 15.896 13.2
19254.9500 15.897 13.2
19268.1200 15.899 13.2
19281.2900 15.900 13.2
19294.4600 15.901 13.2
19307.6300 15.903 13.2
19320.8100 15.904 13.2
19333.9800 15.906 13.2
19347.1500 15.907 13.2
19360.3200 15.908 13.2
19373.4900 15.910 13.2
19386.6700 15.911 13.2
19399.8400 15.913 13.2
19413.0100 15.914 13.2
19426.1800 15.916 13.2
19439.3500 15.917 13.2
19452.5300 15.918 13.2
19465.7000 15.920 13.2
19478.8700 15.921 13.2
19492.0400 15.923 13.2
19505.2100 15.924 13.2
19518.3800 15.926 13.2
19531.5600 15.927 13.2
19544.7300 15.928 13.2
19557.9000 15.930 13.2
19571.0700 15.931 13.2
19584.2400 15.932 13.2
19597.4200 15.934 13.2
19610.5900 15.935 13.2
19623.7600 15.937 13.2
19636.9300 15.938 13.2
19650.1000 15.940 13.2
19663.2800 15.941 13.2
19676.4500 15.942 13.2
19689.6200 15.944 13.2
19702.7900 15.945 13.2
19715.9600 15.947 13.2
19729.1300 15.948 13.2
19742.3100 15.949 13.2
19755.4800 15.951 13.2
19768.6500 15.952 13.2
19781.8200 15.954 13.2
19794.9900 15.955 13.2
19808.1700 15.957 13.2
19821.3400 15.958 13.2
19834.5100 15.959 13.2
19847.6800 15.961 13.2
19860.8500 15.962 13.2
19874.0300 15.964 13.2
19887.2000 15.965 13.2
19900.3700 15.966 13.2
19913.5400 15.968 13.2
19926.7100 15.969 13.2
19939.8800 15.971 13.2
19953.0600 15.972 13.2
19966.2300 15.973 13.2
19979.4000 15.975 13.2
19992.5700 15.976 13.2
20000.0000 15.977  7.4
20014.8600 15.979 14.9
20029.7100 15.980 14.8
20044.5700 15.982 14.9
20059.4200 15.983 14.8
20074.2800 15.985 14.9
20089.1300 15.986 14.9
20103.9900 15.988 14.9
20118.8400 15.990 14.8
20133.7000 15.991 14.9
20148.5500 15.993 14.8
20163.4100 15.994 14.9
20178.2700 15.996 14.9
20193.1200 15.997 14.8
20207.9800 15.999 14.9
20222.8300 16.000 14.9
20237.6900 16.002 14.9
20252.5400 16.004 14.9
20267.4000 16.005 14.9
20282.2500 16.007 14.8
20297.1100 16.008 14.9
20311.9600 16.010 14.8
20326.8200 16.011 14.9
20341.6800 16.013 14.9
20356.5300 16.014 14.8
20371.3900 16.016 14.9
20386.2400 16.018 14.9
20401.1000 16.019 14.9
20415.9500 16.021 14.9
20430.8100 16.022 14.9
20445.6600 16.024 14.8
20460.5200 16.025 14.9
20475.3800 16.027 14.9
20490.2300 16.028 14.8
20505.0900 16.030 14.9
20519.9400 16.031 14.8
20534.8000 16.033 14.9
20549.6500 16.034 14.9
20564.5100 16.036 14.9
20579.3600 16.037 14.9
20594.2200 16.039 14.9
20609.0700 16.041 14.8
20623.9300 16.042 14.9
20638.7900 16.044 14.9
20653.6400 16.045 14.8
20668.5000 16.047 14.9
20683.3500 16.048 14.8
20698.2100 16.050 14.9
20713.0600 16.051 14.9
20727.9200 16.053 14.9
20742.7700 16.054 14.9
20757.6300 16.056 14.9
20772.4800 16.057 14.8
20787.3400 16.059 14.9
20802.2000 16.060 14.9
20817.0500 16.062 14.8
20831.9100 16.063 14.9
20846.7600 16.065 14.8
20861.6200 16.066 14.9
20876.4700 16.068 14.9
20891.3300 16.069 14.9
20906.1800 16.071 14.8
20921.0400 16.072 14.9
20935.8900 16.074 14.8
20950.7500 16.075 14.9
20965.6100 16.077 14.9
20980.4600 16.078 14.8
20995.3200 16.080 14.9
21010.1700 16.081 14.8
21025.0300 16.083 14.9
21039.8800 16.084 14.9
21054.7400 16.086 14.9
21069.5900 16.087 14.8
21084.4500 16.089 14.9
21099.3000 16.090 14.8
21114.1600 16.092 14.9
21129.0200 16.093 14.9
21143.8700 16.095 14.8
21158.7300 16.096 14.9
21173.5800 16.098 14.9
21188.4400 16.099 14.9
21203.2900 16.101 14.9
21218.1500 16.102 14.9
21233.0000 16.104 14.8
21247.8600 16.105 14.9
21262.7100 16.107 14.8
21277.5700 16.108 14.9
21292.4300 16.110 14.9
21307.2800 16.111 14.8
21322.1400 16.113 14.9
21336.9900 16.114 14.9
21351.8500 16.116 14.9
21366.7000 16.117 14.9
21381.5600 16.119 14.9
21396.4100 16.120 14.8
21411.2700 16.121 14.9
21426.1300 16.123 14.9
21440.9800 16.124 14.8
21455.8400 16.126 14.9
21470.6900 16.127 14.8
21485.5500 16.129 14.9
21500.4000 16.130 14.9
21515.2600 16.132 14.9
21530.1100 16.133 14.9
21544.9700 16.135 14.9
21559.8200 16.136 14.8
21574.6800 16.138 14.9
21589.5400 16.139 14.9
21604.3900 16.141 14.8
21619.2500 16.142 14.9
21634.1000 16.143 14.8
21648.9600 16.145 14.9
21663.8100 16.146 14.9
21678.6700 16.148 14.9
21693.5200 16.149 14.9
21708.3800 16.151 14.9
21723.2300 16.152 14.8
21738.0900 16.154 14.9
21752.9500 16.155 14.9
21767.8000 16.157 14.8
21782.6600 16.158 14.9
21797.5100 16.159 14.8
21812.3700 16.161 14.9
21827.2200 16.162 14.9
21842.0800 16.164 14.9
21856.9300 16.165 14.8
21871.7900 16.167 14.9
21886.6400 16.168 14.8
21901.5000 16.170 14.9
21916.3600 16.171 14.9
21931.2100 16.172 14.8
21946.0700 16.174 14.9
21960.9200 16.175 14.8
21975.7800 16.177 14.9
21990.6300 16.178 14.9
22005.4900 16.180 14.9
22020.3400 16.181 14.8
22035.2000 16.182 14.9
22050.0500 16.184 14.8
22064.9100 16.185 14.9
22079.7700 16.187 14.9
22094.6200 16.188 14.8
22109.4800 16.190 14.9
22124.3300 16.191 14.9
22139.1900 16.192 14.9
22154.0400 16.194 14.9
22168.9000 16.195 14.9
22183.7500 16.197 14.8
22198.6100 16.198 14.9
22213.4600 16.200 14.8
22228.3200 16.201 14.9
22243.1800 16.202 14.9
22258.0300 16.204 14.8
22272.8900 16.205 14.9
22287.7400 16.207 14.9
22302.6000 16.208 14.9
22317.4500 16.209 14.9
22332.3100 16.211 14.9
22347.1600 16.212 14.8
22362.0200 16.214 14.9
22376.8800 16.215 14.9
22391.7300 16.217 14.8
22406.5900 16.218 14.9
22421.4400 16.219 14.8
22436.3000 16.221 14.9
22451.1500 16.222 14.9
22466.0100 16.224 14.9
22480.8600 16.225 14.9
22495.7200 16.226 14.9
22510.5700 16.228 14.8
22525.4300 16.229 14.9
22540.2900 16.231 14.9
22555.1400 16.232 14.8
22570.0000 16.233 14.9
22584.8500 16.235 14.8
22599.7100 16.236 14.9
22614.5600 16.238 14.9
22629.4200 16.239 14.9
22644.2700 16.240 14.9
22659.1300 16.242 14.9
22673.9800 16.243 14.8
22688.8400 16.245 14.9
22703.7000 16.246 14.9
22718.5500 16.247 14.8
22733.4100 16.249 14.9
22748.2600 16.250 14.8
22763.1200 16.251 14.9
22777.9700 16.253 14.9
22792.8300 16.254 14.9
22807.6800 16.256 14.8
22822.5400 16.257 14.9
22837.3900 16.258 14.8
22852.2500 16.260 14.9
22867.1100 16.261 14.9
22881.9600 16.263 14.8
22896.8200 16.264 14.9
22911.6700 16.265 14.8
22926.5300 16.267 14.9
22941.3800 16.268 14.9
22956.2400 16.269 14.9
22971.0900 16.271 14.8
22985.9500 16.272 14.9
23000.8000 16.274 14.8
23015.6600 16.275 14.9
23030.5200 16.276 14.9
23045.3700 16.278 14.8
23060.2300 16.279 14.9
23075.0800 16.280 14.9
23089.9400 16.282 14.9
23104.7900 16.283 14.9
23119.6500 16.284 14.9
23134.5000 16.286 14.8
23149.3600 16.287 14.9
23164.2100 16.289 14.8
23179.0700 16.290 14.9
23193.9300 16.291 14.9
23208.7800 16.293 14.8
23223.6400 16.294 14.9
23238.4900 16.295 14.9
23253.3500 16.297 14.9
23268.2000 16.298 14.9
23283.0600 16.299 14.9
23297.9100 16.301 14.8
23312.7700 16.302 14.9
23327.6300 16.304 14.9
23342.4800 16.305 14.8
23357.3400 16.306 14.9
23372.1900 16.308 14.8
23387.0500 16.309 14.9
23401.9000 16.310 14.9
23416.7600 16.312 14.9
23431.6100 16.313 14.9
23446.4700 16.314 14.9
23461.3200 16.316 14.8
23476.1800 16.317 14.9
23491.0400 16.318 14.9
23505.8900 16.320 14.8
23520.7500 16.321 14.9
23535.6000 16.322 14.8
23550.4600 16.324 14.9
23565.3100 16.325 14.9
23580.1700 16.326 14.9
23595.0200 16.328 14.9
23609.8800 16.329 14.9
23624.7300 16.330 14.8
23639.5900 16.332 14.9
23654.4500 16.333 14.9
23669.3000 16.334 14.8
23684.1600 16.336 14.9
23699.0100 16.337 14.8
23713.8700 16.338 14.9
23728.7200 16.340 14.9
23743.5800 16.341 14.9
23758.4300 16.342 14.8
23773.2900 16.344 14.9
23788.1400 16.345 14.8
23803.0000 16.346 14.9
23817.8600 16.348 14.9
23832.7100 16.349 14.8
23847.5700 16.350 14.9
23862.4200 16.352 14.8
23877.2800 16.353 14.9
23892.1300 16.354 14.9
23906.9900 16.356 14.9
23921.8400 16.357 14.8
23936.7000 16.358 14.9
23951.5500 16.360 14.8
23966.4100 16.361 14.9
23981.2700 16.362 14.9
23996.1200 16.364 14.8
24010.9800 16.365 14.9
24025.8300 16.366 14.9
24040.6900 16.368 14.9
24055.5400 16.369 14.9
24070.4000 16.370 14.9
24085.2500 16.371 14.8
24100.1100 16.373 14.9
24114.9600 16.374 14.8
24129.8200 16.375 14.9
24144.6800 16.377 14.9
24159.5300 16.378 14.8
24174.3900 16.379 14.9
24189.2400 16.381 14.9
24204.1000 16.382 14.9
24218.9500 16.383 14.9
24233.8100 16.385 14.9
24248.6600 16.386 14.8
24263.5200 16.387 14.9
24278.3800 16.388 14.9
24293.2300 16.390 14.8
24308.0900 16.391 14.9
24322.9400 16.392 14.8
24337.8000 16.394 14.9
24352.6500 16.395 14.9
24367.5100 16.396 14.9
24382.3600 16.398 14.9
24397.2200 16.399 14.9
24412.0700 16.400 14.8
24426.9300 16.401 14.9
24441.7900 16.403 14.9
24456.6400 16.404 14.8
24471.5000 16.405 14.9
24486.3500 16.407 14.8
24501.2100 16.408 14.9
24516.0600 16.409 14.9
24530.9200 16.411 14.9
24545.7700 16.412 14.9
24560.6300 16.413 14.9
24575.4800 16.414 14.8
24590.3400 16.416 14.9
24605.2000 16.417 14.9
24620.0500 16.418 14.8
24634.9100 16.420 14.9
24649.7600 16.421 14.8
24664.6200 16.422 14.9
24679.4700 16.423 14.9
24694.3300 16.425 14.9
24709.1800 16.426 14.8
24724.0400 16.427 14.9
24738.8900 16.429 14.8
24753.7500 16.430 14.9
24768.6100 16.431 14.9
24783.4600 16.432 14.8
24798.3200 16.434 14.9
24813.1700 16.435 14.8
24828.0300 16.436 14.9
24842.8800 16.437 14.9
24857.7400 16.439 14.9
24872.5900 16.440 14.8
24887.4500 16.441 14.9
24902.3000 16.443 14.8
24917.1600 16.444 14.9
24932.0200 16.445 14.9
24946.8700 16.446 14.8
24961.7300 16.448 14.9
24976.5800 16.449 14.9
24991.4400 16.450 14.9
25006.2900 16.451 14.9
25021.1500 16.453 14.9
25036.0000 16.454 14.8
25050.8600 16.455 14.9
25065.7100 16.456 14.8
25080.5700 16.458 14.9
25095.4300 16.459 14.9
25110.2800 16.460 14.8
25125.1400 16.462 14.9
25139.9900 16.463 14.9
25154.8500 16.464 14.9
25169.7000 16.465 14.9
25184.5600 16.467 14.9
25199.4100 16.468 14.8
25214.2700 16.469 14.9
25229.1300 16.470 14.9
25243.9800 16.472 14.8
25258.8400 16.473 14.9
25273.6900 16.474 14.8
25288.5500 16.475 14.9
25303.4000 16.477 14.9
25318.2600 16.478 14.9
25333.1100 16.479 14.9
25347.9700 16.480 14.9
25362.8200 16.482 14.8
25377.6800 16.483 14.9
25392.5400 16.484 14.9
25407.3900 16.485 14.8
25422.2500 16.487 14.9
25437.1000 16.488 14.8
25451.9600 16.489 14.9
25466.8100 16.490 14.9
25481.6700 16.492 14.9
25496.5200 16.493 14.9
25511.3800 16.494 14.9
25526.2300 16.495 14.8
25541.0900 16.497 14.9
25555.9500 16.498 14.9
25570.8000 16.499 14.8
25585.6600 16.500 14.9
25600.5100 16.501 14.8
25615.3700 16.503 14.9
25630.2200 16.504 14.9
25645.0800 16.505 14.9
25659.9300 16.506 14.8
25674.7900 16.508 14.9
25689.6400 16.509 14.8
25704.5000 16.510 14.9
25719.3600 16.511 14.9
25734.2100 16.513 14.8
25749.0700 16.514 14.9
25763.9200 16.515 14.8
25778.7800 16.516 14.9
25793.6300 16.517 14.9
25808.4900 16.519 14.9
25823.3400 16.520 14.8
25838.2000 16.521 14.9
25853.0500 16.522 14.8
25867.9100 16.524 14.9
25882.7700 16.525 14.9
25897.6200 16.526 14.8
25912.4800 16.527 14.9
25927.3300 16.529 14.9
25942.1900 16.530 14.9
25957.0400 16.531 14.9
25971.9000 16.532 14.9
25986.7500 16.533 14.8
26001.6100 16.535 14.9
26016.4600 16.536 14.8
26031.3200 16.537 14.9
26046.1800 16.538 14.9
26061.0300 16.539 14.8
26075.8900 16.541 14.9
26090.7400 16.542 14.9
26105.6000 16.543 14.9
26120.4500 16.544 14.9
26135.3100 16.546 14.9
26150.1600 16.547 14.8
26165.0200 16.548 14.9
26179.8800 16.549 14.9
26194.7300 16.550 14.8
26209.5900 16.552 14.9
26224.4400 16.553 14.8
26239.3000 16.554 14.9
26254.1500 16.555 14.9
26269.0100 16.556 14.9
26283.8600 16.558 14.9
26298.7200 16.559 14.9
26313.5700 16.560 14.8
26328.4300 16.561 14.9
26343.2900 16.562 14.9
26358.1400 16.564 14.8
26373.0000 16.565 14.9
26387.8500 16.566 14.8
26402.7100 16.567 14.9
26417.5600 16.568 14.9
26432.4200 16.570 14.9
26447.2700 16.571 14.9
26462.1300 16.572 14.9
26476.9800 16.573 14.8
26491.8400 16.574 14.9
26506.7000 16.576 14.9
26521.5500 16.577 14.8
26536.4100 16.578 14.9
26551.2600 16.579 14.8
26566.1200 16.580 14.9
26580.9700 16.582 14.9
26595.8300 16.583 14.9
26610.6800 16.584 14.8
26625.5400 16.585 14.9
26640.3900 16.586 14.8
26655.2500 16.588 14.9
26670.1100 16.589 14.9
26684.9600 16.590 14.8
26699.8200 16.591 14.9
26714.6700 16.592 14.8
26729.5300 16.594 14.9
26744.3800 16.595 14.9
26759.2400 16.596 14.9
26774.0900 16.597 14.8
26788.9500 16.598 14.9
26803.8000 16.599 14.8
26818.6600 16.601 14.9
26833.5200 16.602 14.9
26848.3700 16.603 14.8
26863.2300 16.604 14.9
26878.0800 16.605 14.9
26892.9400 16.607 14.9
26907.7900 16.608 14.9
26922.6500 16.609 14.9
26937.5000 16.610 14.8
26952.3600 16.611 14.9
26967.2100 16.612 14.8
26982.0700 16.614 14.9
26996.9300 16.615 14.9
27011.7800 16.616 14.8
27026.6400 16.617 14.9
27041.4900 16.618 14.9
27056.3500 16.619 14.9
27071.2000 16.621 14.9
27086.0600 16.622 14.9
27100.9100 16.623 14.8
27115.7700 16.624 14.9
27130.6300 16.625 14.9
27145.4800 16.626 14.8
27160.3400 16.628 14.9
27175.1900 16.629 14.8
27190.0500 16.630 14.9
27204.9000 16.631 14.9
27219.7600 16.632 14.9
27234.6100 16.633 14.9
27249.4700 16.635 14.9
27264.3200 16.636 14.8
27279.1800 16.637 14.9
27294.0400 16.638 14.9
27308.8900 16.639 14.8
27323.7500 16.640 14.9
27338.6000 16.642 14.8
27353.4600 16.643 14.9
27368.3100 16.644 14.9
27383.1700 16.645 14.9
27398.0200 16.646 14.9
27412.8800 16.647 14.9
27427.7300 16.649 14.8
27442.5900 16.650 14.9
27457.4500 16.651 14.9
27472.3000 16.652 14.8
27487.1600 16.653 14.9
27502.0100 16.654 14.8
27516.8700 16.655 14.9
27531.7200 16.657 14.9
27546.5800 16.658 14.9
27561.4300 16.659 14.8
27576.2900 16.660 14.9
27591.1400 16.661 14.8
27606.0000 16.662 14.9
27620.8600 16.664 14.9
27635.7100 16.665 14.8
27650.5700 16.666 14.9
27665.4200 16.667 14.8
27680.2800 16.668 14.9
27695.1300 16.669 14.9
27709.9900 16.670 14.9
27724.8400 16.672 14.8
27739.7000 16.673 14.9
27754.5500 16.674 14.8
27769.4100 16.675 14.9
27784.2700 16.676 14.9
27799.1200 16.677 14.8
27813.9800 16.678 14.9
27828.8300 16.680 14.9
27843.6900 16.681 14.9
27858.5400 16.682 14.9
27873.4000 16.683 14.9
27888.2500 16.684 14.8
27903.1100 16.685 14.9
27917.9600 16.686 14.8
27932.8200 16.688 14.9
27947.6800 16.689 14.9
27962.5300 16.690 14.8
27977.3900 16.691 14.9
27992.2400 16.692 14.9
28007.1000 16.693 14.9
28021.9500 16.694 14.9
28036.8100 16.695 14.9
28051.6600 16.697 14.8
28066.5200 16.698 14.9
28081.3800 16.699 14.9
28096.2300 16.700 14.8
28111.0900 16.701 14.9
28125.9400 16.702 14.8
28140.8000 16.703 14.9
28155.6500 16.705 14.9
28170.5100 16.706 14.9
28185.3600 16.707 14.9
28200.2200 16.708 14.9
28215.0700 16.709 14.8
28229.9300 16.710 14.9
28244.7900 16.711 14.9
28259.6400 16.712 14.8
28274.5000 16.714 14.9
28289.3500 16.715 14.8
28304.2100 16.716 14.9
28319.0600 16.717 14.9
28333.9200 16.718 14.9
28348.7700 16.719 14.9
28363.6300 16.720 14.9
28378.4800 16.721 14.8
28393.3400 16.722 14.9
28408.2000 16.724 14.9
28423.0500 16.725 14.8
28437.9100 16.726 14.9
28452.7600 16.727 14.8
28467.6200 16.728 14.9
28482.4700 16.729 14.9
28497.3300 16.730 14.9
28512.1800 16.731 14.8
28527.0400 16.733 14.9
28541.8900 16.734 14.8
28556.7500 16.735 14.9
28571.6100 16.736 14.9
28586.4600 16.737 14.8
28601.3200 16.738 14.9
28616.1700 16.739 14.8
28631.0300 16.740 14.9
28645.8800 16.741 14.9
28660.7400 16.742 14.9
28675.5900 16.744 14.8
28690.4500 16.745 14.9
28705.3000 16.746 14.8
28720.1600 16.747 14.9
28735.0200 16.748 14.9
28749.8700 16.749 14.8
28764.7300 16.750 14.9
28779.5800 16.751 14.9
28794.4400 16.752 14.9
28809.2900 16.754 14.9
28824.1500 16.755 14.9
28839.0000 16.756 14.8
28853.8600 16.757 14.9
28868.7100 16.758 14.8
28883.5700 16.759 14.9
28898.4300 16.760 14.9
28913.2800 16.761 14.8
28928.1400 16.762 14.9
28942.9900 16.763 14.9
28957.8500 16.765 14.9
28972.7000 16.766 14.9
28987.5600 16.767 14.9
29002.4100 16.768 14.8
29017.2700 16.769 14.9
29032.1300 16.770 14.9
29046.9800 16.771 14.8
29061.8400 16.772 14.9
29076.6900 16.773 14.8
29091.5500 16.774 14.9
29106.4000 16.775 14.9
29121.2600 16.777 14.9
29136.1100 16.778 14.9
29150.9700 16.779 14.9
29165.8200 16.780 14.8
29180.6800 16.781 14.9
29195.5400 16.782 14.9
29210.3900 16.783 14.8
29225.2500 16.784 14.9
29240.1000 16.785 14.8
29254.9600 16.786 14.9
29269.8100 16.787 14.9
29284.6700 16.789 14.9
29299.5200 16.790 14.9
29314.3800 16.791 14.9
29329.2300 16.792 14.8
29344.0900 16.793 14.9
29358.9500 16.794 14.9
29373.8000 16.795 14.8
29388.6600 16.796 14.9
29403.5100 16.797 14.8
29418.3700 16.798 14.9
29433.2200 16.799 14.9
29448.0800 16.800 14.9
29462.9300 16.802 14.8
29477.7900 16.803 14.9
29492.6400 16.804 14.8
29507.5000 16.805 14.9
29522.3600 16.806 14.9
29537.2100 16.807 14.8
29552.0700 16.808 14.9
29566.9200 16.809 14.8
29581.7800 16.810 14.9
29596.6300 16.811 14.9
29611.4900 16.812 14.9
29626.3400 16.813 14.8
29641.2000 16.814 14.9
29656.0500 16.816 14.8
29670.9100 16.817 14.9
29685.7700 16.818 14.9
29700.6200 16.819 14.8
29715.4800 16.820 14.9
29730.3300 16.821 14.9
29745.1900 16.822 14.9
29760.0400 16.823 14.9
29774.9000 16.824 14.9
29789.7500 16.825 14.8
29804.6100 16.826 14.9
29819.4600 16.827 14.8
29834.3200 16.828 14.9
29849.1800 16.829 14.9
29864.0300 16.830 14.8
29878.8900 16.832 14.9
29893.7400 16.833 14.9
29908.6000 16.834 14.9
29923.4500 16.835 14.9
29938.3100 16.836 14.9
29953.1600 16.837 14.8
29968.0200 16.838 14.9
29982.8800 16.839 14.9
29997.7300 16.840 14.8
30000.0000 16.840  2.3
