   10.0000 75.037  0.6
   10.6200 70.789  0.6
   11.2500 67.019  0.6
   11.8800 63.652  0.6
   12.5000 60.628  0.6
   13.1200 57.896  0.6
   13.7500 55.418  0.6
   14.3800 53.159  0.6
   15.0000 51.092  0.6
   15.6200 49.321  0.6
   16.2500 47.683  0.6
   16.8800 46.162  0.6
   17.5000 44.747  0.6
   18.1200 43.427  0.6
   18.7500 42.192  0.6
   19.3800 41.035  0.6
   20.0000 39.947  0.6
   20.6200 39.023  0.6
   21.2500 38.144  0.6
   21.8800 37.308  0.6
   22.5000 36.510  0.6
   23.1200 35.749  0.6
   23.7500 35.022  0.6
   24.3800 34.328  0.6
   25.0000 33.663  0.6
   25.6200 33.097  0.6
   26.2500 32.548  0.6
   26.8800 32.017  0.6
   27.5000 31.502  0.6
   28.1200 31.003  0.6
   28.7500 30.520  0.6
   29.3800 30.052  0.6
   30.0000 29.599  0.6
   30.6200 29.208  0.6
   31.2500 28.826  0.6
   31.8800 28.452  0.6
   32.5000 28.088  0.6
   33.1200 27.731  0.6
   33.7500 27.384  0.6
   34.3800 27.045  0.6
   35.0000 26.714  0.6
   35.6200 26.425  0.6
   36.2500 26.141  0.6
   36.8800 25.863  0.6
   37.5000 25.589  0.6
   38.1200 25.320  0.6
   38.7500 25.057  0.6
   39.3800 24.799  0.6
   40.0000 24.546  0.6
   40.6200 24.323  0.6
   41.2500 24.103  0.6
   41.8800 23.886  0.6
   42.5000 23.673  0.6
   43.1200 23.463  0.6
   43.7500 23.257  0.6
   44.3800 23.054  0.6
   45.0000 22.855  0.6
   45.6200 22.677  0.6
   46.2500 22.502  0.6
   46.8800 22.328  0.6
   47.5000 22.158  0.6
   48.1200 21.989  0.6
   48.7500 21.824  0.6
   49.3800 21.661  0.6
   50.0000 21.500  0.6
   51.2500 21.212  1.2
   51.8800 21.072  0.6
   52.5000 20.933  0.6
   53.1200 20.796  0.6
   53.7500 20.661  0.6
   54.3800 20.528  0.6
   55.0000 20.397  0.6
   56.2500 20.159  1.2
   56.8800 20.042  0.6
   57.5000 19.927  0.6
   58.1200 19.813  0.6
   58.7500 19.701  0.6
   59.3800 19.590  0.6
   60.0000 19.481  0.6
   61.2500 19.281  1.2
   62.5000 19.086  1.2
   63.7500 18.895  1.2
   64.3800 18.802  0.6
   65.0000 18.709  0.6
   66.2500 18.540  1.2
   67.5000 18.374  1.2
   68.7500 18.212  1.2
   70.0000 18.054  1.2
   71.2500 17.908  1.2
   72.5000 17.765  1.2
   73.7500 17.626  1.2
   75.0000 17.489  1.2
   76.2500 17.363  1.2
   77.5000 17.239  1.2
   78.7500 17.118  1.2
   80.0000 16.999  1.2
   82.5000 16.781  2.5
   83.7500 16.675  1.2
   85.0000 16.571  1.2
   87.5000 16.379  2.5
   90.0000 16.193  2.5
   92.5000 16.023  2.5
   95.0000 15.858  2.5
   97.5000 15.706  2.5
  100.0000 15.559  2.5
  105.0000 15.291  5.0
  110.0000 15.050  5.0
  115.0000 14.831  5.0
  120.0000 14.633  5.0
  125.0000 14.453  5.0
  130.0000 14.287  5.0
  135.0000 14.137  5.0
  140.0000 13.998  5.0
  145.0000 13.871  5.0
  150.0000 13.754  5.0
  155.0000 13.646  5.0
  160.0000 13.546  5.0
  165.0000 13.453  5.0
  170.0000 13.368  5.0
  175.0000 13.289  5.0
  180.0000 13.215  5.0
  185.0000 13.147  5.0
  190.0000 13.084  5.0
  195.0000 13.025  5.0
  200.0000 12.970  5.0
  205.0000 12.919  5.0
  210.0000 12.872  5.0
  215.0000 12.828  5.0
  220.0000 12.787  5.0
  227.9400 12.728  7.9
  227.9500 12.728  0.0
  228.5000 12.724  0.6
  229.6000 12.717  1.1
  230.0000 12.714  0.4
  231.0000 12.707  1.0
  233.0000 12.694  2.0
  234.0000 12.687  1.0
  234.3500 12.685  0.3
  234.4500 12.685  0.1
  234.5500 12.684  0.1
  235.5500 12.678  1.0
  235.9500 12.675  0.4
  236.9500 12.669  1.0
  237.3400 12.667  0.4
  237.4400 12.666  0.1
  237.5400 12.665  0.1
  238.0000 12.663  0.5
  239.0000 12.656  1.0
  240.0000 12.651  1.0
  242.0000 12.639  2.0
  242.5200 12.636  0.5
  243.0400 12.633  0.5
  243.1400 12.632  0.1
  243.2400 12.632  0.1
  243.6200 12.630  0.4
  244.0000 12.627  0.4
  245.0000 12.622  1.0
  247.0000 12.611  2.0
  249.5000 12.598  2.5
  254.5000 12.573  5.0
  255.0000 12.570  0.5
  256.0000 12.566  1.0
  256.3300 12.564  0.3
  256.4300 12.564  0.1
  256.5300 12.563  0.1
  257.5300 12.558  1.0
  258.0000 12.556  0.5
  259.0000 12.552  1.0
  260.0000 12.547  1.0
  262.0000 12.538  2.0
  266.0000 12.521  4.0
  270.0000 12.505  4.0
  278.0000 12.476  8.0
  280.0000 12.469  2.0
  284.0000 12.455  4.0
  290.0000 12.437  6.0
  300.0000 12.408 10.0
  302.0000 12.403  2.0
  303.0000 12.400  1.0
  303.3400 12.399  0.3
  303.6800 12.398  0.3
  303.7800 12.398  0.1
  303.8800 12.398  0.1
  304.4400 12.396  0.6
  305.0000 12.395  0.6
  306.1200 12.392  1.1
  307.5000 12.389  1.4
  310.0000 12.383  2.5
  315.0000 12.371  5.0
  320.0000 12.360  5.0
  330.0000 12.339 10.0
  340.0000 12.320 10.0
  350.0000 12.302 10.0
  360.0000 12.285 10.0
  370.0000 12.269 10.0
  380.0000 12.253 10.0
  390.0000 12.238 10.0
  400.0000 12.223 10.0
  410.0000 12.209 10.0
  420.0000 12.194 10.0
  430.0000 12.179 10.0
  440.0000 12.164 10.0
  450.0000 12.149 10.0
  460.0000 12.134 10.0
  470.0000 12.119 10.0
  480.0000 12.104 10.0
  490.0000 12.089 10.0
  500.0000 12.074 10.0
  504.0000 12.068  4.0
  505.0000 12.066  1.0
  507.0000 12.063  2.0
  511.0000 12.057  4.0
  513.0000 12.054  2.0
  517.0000 12.048  4.0
  521.0000 12.042  4.0
  521.5600 12.041  0.6
  522.1100 12.040  0.6
  522.2100 12.040  0.1
  522.3100 12.040  0.1
  523.1600 12.039  0.9
  524.0000 12.037  0.8
  525.6800 12.035  1.7
  529.0400 12.030  3.4
  530.0000 12.028  1.0
  531.9200 12.025  1.9
  535.7600 12.020  3.8
  536.0000 12.019  0.2
  536.4700 12.018  0.5
  536.9300 12.018  0.5
  537.0300 12.018  0.1
  537.1300 12.017  0.1
  537.5700 12.017  0.4
  538.0000 12.016  0.4
  539.0000 12.015  1.0
  541.0000 12.012  2.0
  545.0000 12.005  4.0
  553.0000 11.993  8.0
  557.5000 11.987  4.5
  566.5000 11.973  9.0
  577.0000 11.958 10.5
  580.0000 11.953  3.0
  583.0000 11.949  3.0
  583.6200 11.948  0.6
  584.2300 11.947  0.6
  584.3300 11.947  0.1
  584.4300 11.947  0.1
  584.7200 11.946  0.3
  585.0000 11.946  0.3
  586.0000 11.945  1.0
  588.0000 11.942  2.0
  592.0000 11.936  4.0
  594.0000 11.933  2.0
  598.0000 11.927  4.0
  600.0000 11.924  2.0
  604.0000 11.919  4.0
  612.0000 11.907  8.0
  620.0000 11.896  8.0
  636.0000 11.874 16.0
  640.0000 11.869  4.0
  648.0000 11.858  8.0
  660.0000 11.842 12.0
  672.0000 11.827 12.0
  680.0000 11.817  8.0
  696.0000 11.797 16.0
  700.0000 11.793  4.0
  708.0000 11.783  8.0
  720.0000 11.770 12.0
  732.0000 11.756 12.0
  740.0000 11.748  8.0
  756.0000 11.731 16.0
  760.0000 11.727  4.0
  768.0000 11.719  8.0
  780.0000 11.707 12.0
  792.0000 11.696 12.0
  800.0000 11.689  8.0
  816.0000 11.675 16.0
  820.0000 11.672  4.0
  828.0000 11.665  8.0
  840.0000 11.655 12.0
  852.0000 11.646 12.0
  860.0000 11.640  8.0
  876.0000 11.629 16.0
  880.0000 11.627  4.0
  888.0000 11.621  8.0
  900.0000 11.614 12.0
  905.0000 11.611  5.0
  910.0000 11.609  5.0
  911.7400 11.609  1.7
  911.8400 11.613  0.1
  912.0000 11.613  0.2
  912.2500 11.612  0.2
  912.7500 11.612  0.5
  913.7500 11.612  1.0
  915.3300 11.612  1.6
  915.8200 11.613  0.5
  916.4300 11.614  0.6
  917.1800 11.615  0.8
  918.1300 11.616  1.0
  919.3500 11.614  1.2
  920.9600 11.608  1.6
  921.4800 11.596  0.5
  922.0000 11.589  0.5
  922.5200 11.594  0.5
  923.0400 11.607  0.5
  923.1500 11.607  0.1
  923.4000 11.596  0.2
  923.6500 11.582  0.2
  924.1500 11.560  0.5
  924.4000 11.555  0.2
  924.6500 11.555  0.2
  924.9000 11.560  0.2
  925.1500 11.572  0.2
  925.4000 11.589  0.2
  925.6500 11.612  0.2
  926.1500 11.667  0.5
  926.2300 11.669  0.1
  926.4800 11.641  0.2
  926.7300 11.603  0.2
  926.9800 11.568  0.2
  927.2300 11.538  0.2
  927.4800 11.514  0.2
  927.7300 11.497  0.2
  927.9800 11.485  0.2
  928.2300 11.480  0.2
  928.4800 11.481  0.2
  928.5000 11.482  0.0
  928.7500 11.491  0.2
  929.0000 11.508  0.2
  929.2500 11.534  0.2
  929.5000 11.567  0.2
  929.7500 11.610  0.2
  930.0000 11.662  0.2
  930.2500 11.722  0.2
  930.5000 11.788  0.2
  930.7500 11.832  0.2
  931.0000 11.785  0.2
  931.2500 11.714  0.2
  931.7400 11.587  0.5
  932.2400 11.485  0.5
  932.7400 11.407  0.5
  933.2400 11.352  0.5
  933.7400 11.319  0.5
  933.9800 11.310  0.2
  934.2300 11.308  0.2
  934.4800 11.311  0.2
  934.7300 11.321  0.2
  935.0000 11.339  0.3
  935.2700 11.364  0.3
  935.5400 11.398  0.3
  935.8100 11.440  0.3
  936.0700 11.490  0.3
  936.3400 11.549  0.3
  936.6100 11.616  0.3
  936.8800 11.692  0.3
  937.1500 11.779  0.3
  937.3800 11.864  0.2
  937.6100 11.959  0.2
  937.8000 12.025  0.2
  937.8100 12.025  0.0
  938.0100 11.953  0.2
  938.2600 11.849  0.2
  938.5100 11.758  0.2
  939.0100 11.603  0.5
  939.5100 11.474  0.5
  940.0100 11.366  0.5
  940.5100 11.275  0.5
  941.0100 11.199  0.5
  941.5100 11.138  0.5
  942.0100 11.090  0.5
  942.5100 11.053  0.5
  943.0100 11.028  0.5
  943.5100 11.015  0.5
  943.7800 11.012  0.3
  944.3200 11.016  0.5
  944.5900 11.024  0.3
  944.8600 11.035  0.3
  945.1300 11.051  0.3
  945.4000 11.070  0.3
  945.6700 11.093  0.3
  945.9400 11.121  0.3
  946.2100 11.153  0.3
  946.4800 11.189  0.3
  947.0200 11.277  0.5
  947.2900 11.328  0.3
  947.5600 11.384  0.3
  948.1000 11.514  0.5
  948.6400 11.668  0.5
  949.1800 11.858  0.5
  949.3600 11.943  0.2
  949.5500 12.042  0.2
  949.7400 12.133  0.2
  949.7500 12.133  0.0
  949.9500 12.034  0.2
  950.2000 11.903  0.2
  950.4500 11.799  0.2
  950.7000 11.712  0.2
  950.9500 11.632  0.2
  951.4500 11.491  0.5
  952.4500 11.263  1.0
  952.9500 11.170  0.5
  953.4500 11.089  0.5
  953.9500 11.019  0.5
  954.4500 10.957  0.5
  954.9500 10.903  0.5
  955.4500 10.856  0.5
  955.5500 10.847  0.1
  955.8000 10.827  0.2
  956.3000 10.789  0.5
  957.3000 10.729  1.0
  957.8000 10.705  0.5
  958.3000 10.684  0.5
  959.3000 10.653  1.0
  959.8000 10.642  0.5
  960.3000 10.633  0.5
  961.1500 10.626  0.9
  962.0000 10.626  0.9
  962.8500 10.636  0.9
  963.7000 10.655  0.9
  964.5500 10.685  0.8
  964.9700 10.705  0.4
  965.4000 10.727  0.4
  966.2500 10.784  0.9
  966.7400 10.825  0.5
  967.2300 10.871  0.5
  967.7200 10.924  0.5
  968.2100 10.985  0.5
  968.7000 11.053  0.5
  969.1900 11.132  0.5
  969.6800 11.220  0.5
  970.1700 11.321  0.5
  971.1500 11.566  1.0
  971.6400 11.719  0.5
  972.1300 11.920  0.5
  972.3400 12.050  0.2
  972.5400 12.153  0.2
  972.5400 12.153  0.0
  972.7400 12.045  0.2
  972.9900 11.897  0.2
  973.2400 11.787  0.2
  973.4900 11.699  0.2
  973.7400 11.619  0.2
  974.2400 11.477  0.5
  975.2400 11.245  1.0
  975.7400 11.150  0.5
  976.2400 11.065  0.5
  976.3700 11.045  0.1
  976.6300 11.006  0.3
  977.1500 10.935  0.5
  978.1900 10.815  1.0
  978.7100 10.765  0.5
  979.2300 10.720  0.5
  980.0000 10.661  0.8
  980.7700 10.612  0.8
  981.5400 10.569  0.8
  982.3100 10.533  0.8
  983.0800 10.502  0.8
  984.6200 10.451  1.5
  986.1600 10.414  1.5
  987.7000 10.385  1.5
  989.2400 10.363  1.5
  990.0000 10.354  0.8
  991.5200 10.340  1.5
  994.5700 10.322  3.1
  997.6100 10.314  3.0
 1000.0000 10.313  2.4
 1002.3900 10.318  2.4
 1004.7800 10.330  2.4
 1007.1600 10.349  2.4
 1008.5800 10.365  1.4
 1010.0000 10.386  1.4
 1011.4200 10.412  1.4
 1012.8400 10.446  1.4
 1014.2600 10.490  1.4
 1015.6700 10.546  1.4
 1017.0900 10.618  1.4
 1018.5100 10.711  1.4
 1019.2600 10.771  0.8
 1020.0000 10.840  0.7
 1020.7400 10.919  0.7
 1021.4900 11.011  0.8
 1022.0000 11.083  0.5
 1023.0200 11.252  1.0
 1023.5100 11.349  0.5
 1024.0000 11.458  0.5
 1024.7600 11.660  0.8
 1024.9500 11.721  0.2
 1025.1400 11.790  0.2
 1025.3300 11.881  0.2
 1025.5200 12.002  0.2
 1025.7200 12.198  0.2
 1025.7200 12.198  0.0
 1025.9200 12.004  0.2
 1026.1700 11.850  0.2
 1026.4200 11.745  0.2
 1026.4600 11.731  0.0
 1026.7100 11.650  0.2
 1027.0000 11.568  0.3
 1027.5800 11.423  0.6
 1028.5000 11.235  0.9
 1029.4200 11.083  0.9
 1030.0000 11.002  0.6
 1031.1600 10.866  1.2
 1031.7400 10.809  0.6
 1032.3200 10.758  0.6
 1033.4800 10.672  1.2
 1034.6400 10.602  1.2
 1035.8000 10.546  1.2
 1036.9600 10.500  1.2
 1038.1200 10.462  1.2
 1039.2800 10.432  1.2
 1040.0000 10.416  0.7
 1041.4400 10.389  1.4
 1042.8800 10.367  1.4
 1044.3100 10.351  1.4
 1047.1900 10.326  2.9
 1050.0000 10.311  2.8
 1052.8100 10.301  2.8
 1055.6200 10.295  2.8
 1058.4400 10.291  2.8
 1060.0000 10.289  1.6
 1063.1200 10.287  3.1
 1066.2500 10.287  3.1
 1069.3800 10.287  3.1
 1070.0000 10.287  0.6
 1071.2500 10.288  1.2
 1073.7500 10.289  2.5
 1078.7500 10.292  5.0
 1080.0000 10.293  1.2
 1082.5000 10.294  2.5
 1087.5000 10.298  5.0
 1090.0000 10.301  2.5
 1095.0000 10.305  5.0
 1100.0000 10.310  5.0
 1105.0000 10.315  5.0
 1110.0000 10.321  5.0
 1115.0000 10.326  5.0
 1120.0000 10.331  5.0
 1125.0000 10.337  5.0
 1130.0000 10.343  5.0
 1135.0000 10.349  5.0
 1140.0000 10.355  5.0
 1145.0000 10.361  5.0
 1150.0000 10.367  5.0
 1155.0000 10.374  5.0
 1160.0000 10.381  5.0
 1165.0000 10.388  5.0
 1170.0000 10.396  5.0
 1175.0000 10.405  5.0
 1180.0000 10.415  5.0
 1185.0000 10.429  5.0
 1190.0000 10.448  5.0
 1195.0000 10.477  5.0
 1197.5000 10.499  2.5
 1200.0000 10.530  2.5
 1202.5000 10.573  2.5
 1205.0000 10.638  2.5
 1206.2500 10.683  1.2
 1207.5000 10.738  1.2
 1208.7500 10.808  1.2
 1210.0000 10.896  1.2
 1210.7500 10.961  0.8
 1211.5000 11.037  0.8
 1212.2500 11.125  0.8
 1213.0000 11.230  0.8
 1213.6200 11.332  0.6
 1214.2400 11.452  0.6
 1214.5500 11.520  0.3
 1214.8500 11.597  0.3
 1215.0100 11.642  0.2
 1215.1600 11.697  0.2
 1215.3200 11.771  0.2
 1215.4700 11.856  0.2
 1215.6700 12.088  0.2
 1215.8700 11.857  0.2
 1216.1200 11.722  0.2
 1216.3700 11.630  0.2
 1216.6200 11.561  0.2
 1216.8700 11.502  0.2
 1217.2500 11.420  0.4
 1218.0100 11.282  0.8
 1218.6300 11.187  0.6
 1219.2500 11.105  0.6
 1219.8700 11.034  0.6
 1220.0000 11.021  0.1
 1220.2600 10.994  0.3
 1220.7800 10.946  0.5
 1221.8200 10.864  1.0
 1222.8600 10.797  1.0
 1223.9000 10.743  1.0
 1224.9400 10.698  1.0
 1225.0000 10.696  0.1
 1225.2500 10.687  0.2
 1225.7500 10.669  0.5
 1226.7500 10.639  1.0
 1227.7500 10.615  1.0
 1228.7500 10.594  1.0
 1230.0000 10.573  1.2
 1232.5000 10.543  2.5
 1235.0000 10.523  2.5
 1237.5000 10.510  2.5
 1240.0000 10.502  2.5
 1245.0000 10.493  5.0
 1250.0000 10.491  5.0
 1255.0000 10.491  5.0
 1260.0000 10.493  5.0
 1265.0000 10.497  5.0
 1270.0000 10.501  5.0
 1275.0000 10.505  5.0
 1280.0000 10.510  5.0
 1285.0000 10.515  5.0
 1290.0000 10.520  5.0
 1295.0000 10.525  5.0
 1300.0000 10.530  5.0
 1320.0000 10.551 20.0
 1340.0000 10.572 20.0
 1360.0000 10.593 20.0
 1380.0000 10.614 20.0
 1400.0000 10.635 20.0
 1420.0000 10.656 20.0
 1440.0000 10.676 20.0
 1450.0000 10.686 10.0
 1470.0000 10.707 20.0
 1490.0000 10.727 20.0
 1500.0000 10.737 10.0
 1520.0000 10.757 20.0
 1540.0000 10.776 20.0
 1550.0000 10.786 10.0
 1570.0000 10.805 20.0
 1590.0000 10.825 20.0
 1600.0000 10.834 10.0
 1620.0000 10.853 20.0
 1632.0000 10.864 12.0
 1634.0000 10.866  2.0
 1636.0000 10.868  2.0
 1638.0000 10.870  2.0
 1640.0000 10.872  2.0
 1640.2100 10.872  0.2
 1640.4100 10.872  0.2
 1640.6100 10.872  0.2
 1641.0000 10.873  0.4
 1641.7800 10.874  0.8
 1642.0000 10.874  0.2
 1642.4400 10.874  0.4
 1643.3200 10.875  0.9
 1644.0000 10.876  0.7
 1645.3600 10.877  1.4
 1646.0000 10.877  0.6
 1647.2800 10.879  1.3
 1648.0000 10.879  0.7
 1649.4400 10.881  1.4
 1650.0000 10.881  0.6
 1651.1200 10.882  1.1
 1653.3500 10.884  2.2
 1657.8200 10.889  4.5
 1666.7600 10.897  8.9
 1675.0000 10.904  8.2
 1691.4800 10.920 16.5
 1700.0000 10.927  8.5
 1717.0300 10.943 17.0
 1734.0600 10.958 17.0
 1750.0000 10.972 15.9
 1765.9400 10.987 15.9
 1781.8800 11.001 15.9
 1797.8100 11.015 15.9
 1800.0000 11.017  2.2
 1804.3800 11.021  4.4
 1813.1200 11.028  8.7
 1830.6200 11.043 17.5
 1848.1200 11.058 17.5
 1850.0000 11.060  1.9
 1853.7500 11.063  3.8
 1861.2500 11.070  7.5
 1876.2500 11.082 15.0
 1891.2500 11.095 15.0
 1900.0000 11.102  8.8
 1917.5000 11.117 17.5
 1935.0000 11.132 17.5
 1952.5000 11.146 17.5
 1970.0000 11.161 17.5
 1987.5000 11.175 17.5
 2000.0000 11.185 12.5
 2012.5000 11.195 12.5
 2025.0000 11.205 12.5
 2037.5000 11.215 12.5
 2050.0000 11.225 12.5
 2062.5000 11.235 12.5
 2075.0000 11.245 12.5
 2087.5000 11.254 12.5
 2100.0000 11.264 12.5
 2112.5000 11.274 12.5
 2125.0000 11.284 12.5
 2137.5000 11.293 12.5
 2150.0000 11.303 12.5
 2162.5000 11.312 12.5
 2175.0000 11.322 12.5
 2187.5000 11.331 12.5
 2200.0000 11.341 12.5
 2212.5000 11.350 12.5
 2225.0000 11.359 12.5
 2237.5000 11.369 12.5
 2250.0000 11.378 12.5
 2262.5000 11.387 12.5
 2275.0000 11.396 12.5
 2287.5000 11.405 12.5
 2300.0000 11.415 12.5
 2312.5000 11.424 12.5
 2325.0000 11.433 12.5
 2337.5000 11.442 12.5
 2350.0000 11.450 12.5
 2362.5000 11.459 12.5
 2375.0000 11.468 12.5
 2387.5000 11.477 12.5
 2400.0000 11.486 12.5
 2412.5000 11.495 12.5
 2425.0000 11.503 12.5
 2437.5000 11.512 12.5
 2450.0000 11.521 12.5
 2462.5000 11.529 12.5
 2475.0000 11.538 12.5
 2487.5000 11.546 12.5
 2500.0000 11.555 12.5
 2512.5000 11.563 12.5
 2525.0000 11.572 12.5
 2537.5000 11.580 12.5
 2550.0000 11.589 12.5
 2562.5000 11.597 12.5
 2575.0000 11.605 12.5
 2587.5000 11.614 12.5
 2600.0000 11.622 12.5
 2612.5000 11.630 12.5
 2625.0000 11.638 12.5
 2637.5000 11.646 12.5
 2650.0000 11.654 12.5
 2662.5000 11.663 12.5
 2675.0000 11.671 12.5
 2687.5000 11.679 12.5
 2700.0000 11.687 12.5
 2712.5000 11.695 12.5
 2725.0000 11.703 12.5
 2737.5000 11.710 12.5
 2750.0000 11.718 12.5
 2762.5000 11.726 12.5
 2775.0000 11.734 12.5
 2787.5000 11.742 12.5
 2800.0000 11.750 12.5
 2812.5000 11.757 12.5
 2825.0000 11.765 12.5
 2837.5000 11.773 12.5
 2850.0000 11.780 12.5
 2862.5000 11.788 12.5
 2875.0000 11.796 12.5
 2887.5000 11.803 12.5
 2900.0000 11.811 12.5
 2912.5000 11.818 12.5
 2925.0000 11.826 12.5
 2937.5000 11.833 12.5
 2950.0000 11.841 12.5
 2962.5000 11.848 12.5
 2975.0000 11.856 12.5
 2987.5000 11.863 12.5
 3000.0000 11.870 12.5
 3012.5000 11.878 12.5
 3025.0000 11.885 12.5
 3037.5000 11.892 12.5
 3050.0000 11.899 12.5
 3062.5000 11.907 12.5
 3075.0000 11.914 12.5
 3087.5000 11.921 12.5
 3100.0000 11.928 12.5
 3112.5000 11.935 12.5
 3125.0000 11.942 12.5
 3137.5000 11.950 12.5
 3150.0000 11.957 12.5
 3162.5000 11.964 12.5
 3175.0000 11.971 12.5
 3187.5000 11.978 12.5
 3200.0000 11.985 12.5
 3212.5000 11.992 12.5
 3225.0000 11.998 12.5
 3237.5000 12.005 12.5
 3250.0000 12.012 12.5
 3262.5000 12.019 12.5
 3275.0000 12.026 12.5
 3287.5000 12.033 12.5
 3300.0000 12.040 12.5
 3312.5000 12.046 12.5
 3325.0000 12.053 12.5
 3337.5000 12.060 12.5
 3350.0000 12.067 12.5
 3362.5000 12.073 12.5
 3375.0000 12.080 12.5
 3387.5000 12.087 12.5
 3400.0000 12.093 12.5
 3412.5000 12.100 12.5
 3425.0000 12.106 12.5
 3437.5000 12.113 12.5
 3450.0000 12.119 12.5
 3462.5000 12.126 12.5
 3475.0000 12.133 12.5
 3487.5000 12.139 12.5
 3500.0000 12.145 12.5
 3512.5000 12.152 12.5
 3525.0000 12.158 12.5
 3537.5000 12.165 12.5
 3550.0000 12.171 12.5
 3562.5000 12.178 12.5
 3575.0000 12.184 12.5
 3587.5000 12.190 12.5
 3600.0000 12.197 12.5
 3612.5000 12.203 12.5
 3623.5600 12.209 11.1
 3634.6200 12.214 11.1
 3645.6800 12.220 11.1
 3647.1200 12.221  1.4
 3647.2200 12.221  0.1
 3647.4700 12.222  0.2
 3647.9700 12.222  0.5
 3648.0000 12.222  0.0
 3648.2500 12.222  0.2
 3648.7500 12.222  0.5
 3649.7500 12.223  1.0
 3650.0000 12.223  0.2
 3650.5000 12.223  0.5
 3651.5000 12.223  1.0
 3653.5000 12.224  2.0
 3657.5000 12.226  4.0
 3660.0000 12.227  2.5
 3665.0000 12.230  5.0
 3670.0000 12.232  5.0
 3680.0000 12.237 10.0
 3682.8100 12.238  2.8
 3686.8300 12.240  4.0
 3690.0000 12.242  3.2
 3691.5500 12.242  1.6
 3694.6600 12.244  3.1
 3697.1500 12.245  2.5
 3700.0000 12.246  2.8
 3703.8500 12.248  3.8
 3711.5600 12.252  7.7
 3711.9700 12.252  0.4
 3712.7900 12.253  0.8
 3714.4400 12.253  1.7
 3717.7400 12.255  3.3
 3720.0000 12.256  2.3
 3721.9400 12.257  1.9
 3725.8100 12.259  3.9
 3733.5700 12.263  7.8
 3734.3700 12.263  0.8
 3735.9700 12.264  1.6
 3739.1800 12.266  3.2
 3740.0000 12.266  0.8
 3741.6400 12.267  1.6
 3744.9200 12.268  3.3
 3750.1500 12.271  5.2
 3760.0000 12.276  9.8
 3770.6300 12.281 10.6
 3780.0000 12.285  9.4
 3797.9000 12.293 17.9
 3800.0000 12.293  2.1
 3804.2000 12.295  4.2
 3812.6100 12.297  8.4
 3829.4300 12.307 16.8
 3835.3800 12.311  6.0
 3847.2900 12.311 11.9
 3850.0000 12.311  2.7
 3855.4100 12.312  5.4
 3866.2300 12.318 10.8
 3877.0500 12.329 10.8
 3887.8800 12.343 10.8
 3889.0500 12.344  1.2
 3891.4000 12.344  2.3
 3896.0900 12.340  4.7
 3900.0000 12.337  3.9
 3907.8200 12.333  7.8
 3920.0000 12.332 12.2
 3932.1800 12.338 12.2
 3940.0000 12.347  7.8
 3947.8200 12.360  7.8
 3955.6400 12.378  7.8
 3960.0000 12.391  4.4
 3964.5400 12.406  4.5
 3969.0700 12.421  4.5
 3970.0700 12.424  1.0
 3970.3200 12.424  0.2
 3970.8200 12.423  0.5
 3971.0700 12.422  0.2
 3971.5700 12.420  0.5
 3972.5600 12.418  1.0
 3974.5600 12.412  2.0
 3975.5400 12.409  1.0
 3977.5100 12.404  2.0
 3980.0000 12.398  2.5
 3984.9900 12.386  5.0
 3990.0000 12.377  5.0
 4000.0000 12.365 10.0
 4010.0000 12.359 10.0
 4020.0000 12.357 10.0
 4040.0000 12.364 20.0
 4050.0000 12.373 10.0
 4060.0000 12.386 10.0
 4070.0000 12.407 10.0
 4080.0000 12.437 10.0
 4085.0000 12.458  5.0
 4090.0000 12.483  5.0
 4095.3700 12.516  5.4
 4100.7400 12.546  5.4
 4101.7300 12.543  1.0
 4101.7400 12.543  0.0
 4101.9900 12.544  0.2
 4102.4900 12.546  0.5
 4102.7400 12.546  0.2
 4103.2400 12.546  0.5
 4104.2400 12.543  1.0
 4106.2400 12.532  2.0
 4106.3700 12.531  0.1
 4106.6300 12.529  0.3
 4107.1500 12.526  0.5
 4108.1900 12.520  1.0
 4110.0000 12.510  1.8
 4113.6200 12.491  3.6
 4120.0000 12.465  6.4
 4126.3800 12.446  6.4
 4132.7500 12.432  6.4
 4140.0000 12.422  7.2
 4154.4900 12.411 14.5
 4160.0000 12.409  5.5
 4171.0200 12.408 11.0
 4180.0000 12.408  9.0
 4197.9700 12.413 18.0
 4200.0000 12.413  2.0
 4204.0600 12.415  4.1
 4212.1900 12.418  8.1
 4220.0000 12.421  7.8
 4235.6200 12.429 15.6
 4240.0000 12.431  4.4
 4248.7500 12.436  8.8
 4260.0000 12.444 11.2
 4271.2500 12.453 11.2
 4280.0000 12.462  8.8
 4297.5000 12.489 17.5
 4300.0000 12.494  2.5
 4305.0000 12.507  5.0
 4315.0000 12.540 10.0
 4320.0000 12.563  5.0
 4325.0000 12.590  5.0
 4330.0000 12.625  5.0
 4334.7400 12.666  4.7
 4339.4700 12.720  4.7
 4339.9700 12.731  0.5
 4340.4600 12.742  0.5
 4340.4700 12.742  0.0
 4340.7200 12.738  0.2
 4341.2200 12.725  0.5
 4341.4700 12.720  0.2
 4341.9700 12.713  0.5
 4342.9700 12.702  1.0
 4344.9700 12.682  2.0
 4345.7400 12.675  0.8
 4347.2800 12.661  1.5
 4350.0000 12.640  2.7
 4355.4400 12.605  5.4
 4360.0000 12.582  4.6
 4364.5600 12.565  4.6
 4370.0000 12.548  5.4
 4380.0000 12.529 10.0
 4390.0000 12.518 10.0
 4400.0000 12.513 10.0
 4410.0000 12.511 10.0
 4430.0000 12.513 20.0
 4450.0000 12.518 20.0
 4470.0000 12.525 20.0
 4490.0000 12.532 20.0
 4500.0000 12.536 10.0
 4520.0000 12.544 20.0
 4540.0000 12.553 20.0
 4550.0000 12.557 10.0
 4570.0000 12.565 20.0
 4590.0000 12.573 20.0
 4600.0000 12.578 10.0
 4620.0000 12.586 20.0
 4640.0000 12.595 20.0
 4650.0000 12.599 10.0
 4670.0000 12.608 20.0
 4690.0000 12.617 20.0
 4700.0000 12.621 10.0
 4720.0000 12.630 20.0
 4740.0000 12.640 20.0
 4750.0000 12.645 10.0
 4770.0000 12.657 20.0
 4790.0000 12.673 20.0
 4800.0000 12.683 10.0
 4820.0000 12.713 20.0
 4825.0000 12.725  5.0
 4835.0000 12.756 10.0
 4840.0000 12.777  5.0
 4845.0000 12.804  5.0
 4850.0000 12.837  5.0
 4852.5000 12.857  2.5
 4855.0000 12.882  2.5
 4855.1700 12.884  0.2
 4855.5100 12.888  0.3
 4856.1900 12.896  0.7
 4857.5500 12.914  1.4
 4860.2700 12.953  2.7
 4860.3300 12.954  0.1
 4860.5800 12.957  0.2
 4861.0800 12.961  0.5
 4861.3200 12.960  0.2
 4861.3300 12.960  0.0
 4861.5800 12.962  0.2
 4862.0800 12.957  0.5
 4862.3300 12.954  0.2
 4862.8300 12.948  0.5
 4863.8300 12.935  1.0
 4865.8300 12.907  2.0
 4866.1700 12.903  0.3
 4866.8500 12.895  0.7
 4868.2100 12.880  1.4
 4870.0000 12.864  1.8
 4873.5800 12.838  3.6
 4877.1600 12.818  3.6
 4884.3300 12.786  7.2
 4885.0000 12.784  0.7
 4886.3400 12.779  1.3
 4889.0300 12.771  2.7
 4894.4100 12.758  5.4
 4900.0000 12.748  5.6
 4911.1900 12.736 11.2
 4922.3800 12.730 11.2
 4933.5600 12.728 11.2
 4944.7500 12.728 11.2
 4955.9400 12.730 11.2
 4967.1200 12.732 11.2
 4978.3100 12.735 11.2
 4989.5000 12.739 11.2
 5000.0000 12.742 10.5
 5010.5000 12.746 10.5
 5021.0000 12.749 10.5
 5031.5000 12.753 10.5
 5042.0000 12.757 10.5
 5052.5000 12.761 10.5
 5063.0000 12.765 10.5
 5073.5000 12.769 10.5
 5084.0000 12.773 10.5
 5094.5000 12.777 10.5
 5100.0000 12.779  5.5
 5111.0000 12.783 11.0
 5122.0000 12.787 11.0
 5133.0000 12.791 11.0
 5144.0000 12.795 11.0
 5155.0000 12.799 11.0
 5166.0000 12.804 11.0
 5177.0000 12.808 11.0
 5188.0000 12.812 11.0
 5199.0000 12.816 11.0
 5200.0000 12.816  1.0
 5202.0000 12.817  2.0
 5206.0000 12.819  4.0
 5214.0000 12.822  8.0
 5230.0000 12.828 16.0
 5246.0000 12.834 16.0
 5262.0000 12.840 16.0
 5278.0000 12.846 16.0
 5294.0000 12.852 16.0
 5300.0000 12.854  6.0
 5312.0000 12.858 12.0
 5324.0000 12.863 12.0
 5336.0000 12.867 12.0
 5348.0000 12.872 12.0
 5360.0000 12.876 12.0
 5372.0000 12.880 12.0
 5384.0000 12.885 12.0
 5396.0000 12.889 12.0
 5400.0000 12.891  4.0
 5408.0000 12.894  8.0
 5424.0000 12.899 16.0
 5440.0000 12.905 16.0
 5456.0000 12.911 16.0
 5472.0000 12.917 16.0
 5488.0000 12.923 16.0
 5500.0000 12.927 12.0
 5512.0000 12.931 12.0
 5524.0000 12.936 12.0
 5536.0000 12.940 12.0
 5548.0000 12.944 12.0
 5560.0000 12.948 12.0
 5572.0000 12.953 12.0
 5584.0000 12.957 12.0
 5596.0000 12.961 12.0
 5600.0000 12.963  4.0
 5608.0000 12.966  8.0
 5624.0000 12.971 16.0
 5640.0000 12.977 16.0
 5656.0000 12.982 16.0
 5672.0000 12.988 16.0
 5688.0000 12.994 16.0
 5700.0000 12.998 12.0
 5712.0000 13.002 12.0
 5724.0000 13.006 12.0
 5736.0000 13.010 12.0
 5748.0000 13.014 12.0
 5760.0000 13.019 12.0
 5772.0000 13.023 12.0
 5784.0000 13.027 12.0
 5796.0000 13.031 12.0
 5800.0000 13.032  4.0
 5808.0000 13.035  8.0
 5824.0000 13.041 16.0
 5840.0000 13.046 16.0
 5856.0000 13.052 16.0
 5872.0000 13.057 16.0
 5888.0000 13.063 16.0
 5900.0000 13.067 12.0
 5912.0000 13.071 12.0
 5924.0000 13.075 12.0
 5936.0000 13.079 12.0
 5948.0000 13.083 12.0
 5960.0000 13.087 12.0
 5972.0000 13.091 12.0
 5984.0000 13.095 12.0
 5996.0000 13.099 12.0
 6000.0000 13.100  4.0
 6008.0000 13.103  8.0
 6024.0000 13.108 16.0
 6040.0000 13.113 16.0
 6056.0000 13.119 16.0
 6072.0000 13.124 16.0
 6088.0000 13.129 16.0
 6104.0000 13.135 16.0
 6120.0000 13.140 16.0
 6136.0000 13.145 16.0
 6152.0000 13.150 16.0
 6168.0000 13.155 16.0
 6184.0000 13.161 16.0
 6200.0000 13.166 16.0
 6216.0000 13.171 16.0
 6232.0000 13.176 16.0
 6248.0000 13.181 16.0
 6264.0000 13.187 16.0
 6280.0000 13.192 16.0
 6296.0000 13.197 16.0
 6312.0000 13.202 16.0
 6328.0000 13.207 16.0
 6344.0000 13.213 16.0
 6360.0000 13.218 16.0
 6376.0000 13.223 16.0
 6392.0000 13.229 16.0
 6400.0000 13.231  8.0
 6416.0000 13.237 16.0
 6432.0000 13.243 16.0
 6448.0000 13.249 16.0
 6450.0000 13.250  2.0
 6454.0000 13.251  4.0
 6462.0000 13.255  8.0
 6478.0000 13.262 16.0
 6494.0000 13.272 16.0
 6500.0000 13.276  6.0
 6512.0000 13.287 12.0
 6524.0000 13.304 12.0
 6525.0000 13.305  1.0
 6527.0000 13.309  2.0
 6531.0000 13.317  4.0
 6539.0000 13.337  8.0
 6544.5000 13.356  5.5
 6550.0000 13.382  5.5
 6553.1500 13.401  3.1
 6556.3100 13.426  3.2
 6557.8900 13.441  1.6
 6559.4600 13.458  1.6
 6560.2500 13.466  0.8
 6561.0400 13.472  0.8
 6561.4400 13.476  0.4
 6561.8300 13.486  0.4
 6562.2300 13.511  0.4
 6562.6200 13.546  0.4
 6562.8000 13.551  0.2
 6562.8200 13.551  0.0
 6563.0200 13.543  0.2
 6563.2700 13.521  0.2
 6563.5200 13.499  0.2
 6563.7700 13.486  0.2
 6564.0200 13.479  0.2
 6564.5200 13.473  0.5
 6565.0200 13.469  0.5
 6566.0200 13.461  1.0
 6566.5100 13.456  0.5
 6567.4900 13.446  1.0
 6569.4500 13.428  2.0
 6570.0000 13.423  0.6
 6571.1000 13.415  1.1
 6573.3100 13.401  2.2
 6577.7300 13.379  4.4
 6582.1400 13.363  4.4
 6585.0000 13.355  2.9
 6590.7200 13.342  5.7
 6600.0000 13.328  9.3
 6609.2800 13.320  9.3
 6618.5600 13.315  9.3
 6637.1100 13.313 18.5
 6655.6600 13.314 18.6
 6674.2200 13.318 18.6
 6692.7700 13.322 18.6
 6700.0000 13.324  7.2
 6714.4500 13.328 14.4
 6728.9100 13.332 14.5
 6743.3600 13.336 14.4
 6757.8100 13.340 14.5
 6772.2700 13.344 14.5
 6786.7200 13.348 14.4
 6800.0000 13.352 13.3
 6813.2800 13.356 13.3
 6826.5600 13.359 13.3
 6839.8400 13.363 13.3
 6853.1200 13.367 13.3
 6866.4100 13.371 13.3
 6879.6900 13.375 13.3
 6892.9700 13.379 13.3
 6900.0000 13.381  7.0
 6914.0600 13.385 14.1
 6928.1200 13.389 14.1
 6942.1900 13.393 14.1
 6956.2500 13.397 14.1
 6970.3100 13.401 14.1
 6984.3800 13.405 14.1
 6998.4400 13.409 14.1
 7000.0000 13.410  1.6
 7003.1200 13.410  3.1
 7009.3800 13.412  6.3
 7021.8800 13.416 12.5
 7034.3800 13.419 12.5
 7046.8800 13.423 12.5
 7059.3800 13.427 12.5
 7071.8800 13.430 12.5
 7084.3800 13.434 12.5
 7096.8800 13.437 12.5
 7109.3800 13.441 12.5
 7121.8800 13.444 12.5
 7134.3800 13.448 12.5
 7146.8800 13.451 12.5
 7159.3800 13.455 12.5
 7171.8800 13.458 12.5
 7184.3800 13.462 12.5
 7196.8800 13.466 12.5
 7209.3800 13.469 12.5
 7221.8800 13.473 12.5
 7234.3800 13.476 12.5
 7246.8800 13.480 12.5
 7259.3800 13.483 12.5
 7271.8800 13.486 12.5
 7284.3800 13.490 12.5
 7296.8800 13.493 12.5
 7309.3800 13.497 12.5
 7321.8800 13.500 12.5
 7334.3800 13.504 12.5
 7346.8800 13.507 12.5
 7359.3800 13.511 12.5
 7371.8800 13.514 12.5
 7384.3800 13.518 12.5
 7396.8800 13.521 12.5
 7409.3800 13.524 12.5
 7421.8800 13.528 12.5
 7434.3800 13.531 12.5
 7446.8800 13.535 12.5
 7459.3800 13.538 12.5
 7471.8800 13.541 12.5
 7484.3800 13.545 12.5
 7496.8800 13.548 12.5
 7500.0000 13.549  3.1
 7506.2500 13.551  6.2
 7518.7500 13.554 12.5
 7531.2500 13.557 12.5
 7543.7500 13.561 12.5
 7556.2500 13.564 12.5
 7568.7500 13.568 12.5
 7581.2500 13.571 12.5
 7593.7500 13.574 12.5
 7606.2500 13.578 12.5
 7618.7500 13.581 12.5
 7631.2500 13.584 12.5
 7643.7500 13.588 12.5
 7656.2500 13.591 12.5
 7668.7500 13.594 12.5
 7681.2500 13.597 12.5
 7693.7500 13.601 12.5
 7706.2500 13.604 12.5
 7718.7500 13.607 12.5
 7731.2500 13.611 12.5
 7743.7500 13.614 12.5
 7756.2500 13.617 12.5
 7768.7500 13.620 12.5
 7781.2500 13.624 12.5
 7793.7500 13.627 12.5
 7806.2500 13.630 12.5
 7818.7500 13.633 12.5
 7831.2500 13.637 12.5
 7843.7500 13.640 12.5
 7856.2500 13.643 12.5
 7868.7500 13.646 12.5
 7881.2500 13.650 12.5
 7893.7500 13.653 12.5
 7906.2500 13.656 12.5
 7918.7500 13.659 12.5
 7931.2500 13.663 12.5
 7943.7500 13.666 12.5
 7956.2500 13.669 12.5
 7968.7500 13.672 12.5
 7981.2500 13.675 12.5
 7993.7500 13.679 12.5
 8000.0000 13.680  6.2
 8012.5000 13.683 12.5
 8025.0000 13.686 12.5
 8037.5000 13.690 12.5
 8050.0000 13.693 12.5
 8062.5000 13.696 12.5
 8075.0000 13.699 12.5
 8087.5000 13.702 12.5
 8100.0000 13.705 12.5
 8112.5000 13.709 12.5
 8125.0000 13.712 12.5
 8137.5000 13.715 12.5
 8150.0000 13.718 12.5
 8162.5000 13.721 12.5
 8175.0000 13.724 12.5
 8187.5000 13.727 12.5
 8200.0000 13.730 12.5
 8206.0600 13.732  6.1
 8206.1600 13.732  0.1
 8206.4100 13.732  0.2
 8206.5000 13.732  0.1
 8206.7500 13.732  0.2
 8207.2500 13.732  0.5
 8208.2500 13.733  1.0
 8210.2500 13.733  2.0
 8214.2500 13.734  4.0
 8222.2500 13.736  8.0
 8238.2500 13.740 16.0
 8254.2500 13.744 16.0
 8270.2500 13.748 16.0
 8286.2500 13.752 16.0
 8302.2500 13.756 16.0
 8318.2500 13.759 16.0
 8334.2500 13.763 16.0
 8350.2500 13.767 16.0
 8366.2500 13.771 16.0
 8382.2500 13.775 16.0
 8392.4000 13.777 10.1
 8402.5400 13.780 10.1
 8412.6900 13.782 10.1
 8413.3200 13.782  0.6
 8414.5900 13.783  1.3
 8417.1300 13.783  2.5
 8422.2000 13.785  5.1
 8432.3400 13.787 10.1
 8437.9600 13.788  5.6
 8449.2000 13.791 11.2
 8460.4400 13.794 11.2
 8467.2600 13.795  6.8
 8480.9000 13.799 13.6
 8494.5400 13.802 13.6
 8500.0000 13.803  5.5
 8502.4900 13.804  2.5
 8507.4600 13.805  5.0
 8517.4000 13.807  9.9
 8537.2900 13.812 19.9
 8545.3900 13.814  8.1
 8561.5700 13.818 16.2
 8577.7600 13.822 16.2
 8593.9400 13.826 16.2
 8598.3900 13.827  4.4
 8607.2900 13.829  8.9
 8625.0900 13.833 17.8
 8642.8900 13.837 17.8
 8660.6800 13.841 17.8
 8665.0200 13.842  4.3
 8673.6900 13.844  8.7
 8691.0400 13.848 17.4
 8708.3900 13.852 17.3
 8725.7400 13.856 17.4
 8743.0800 13.861 17.3
 8750.4700 13.862  7.4
 8765.2500 13.866 14.8
 8780.0300 13.869 14.8
 8794.8100 13.873 14.8
 8809.5900 13.876 14.8
 8824.3700 13.879 14.8
 8839.1500 13.883 14.8
 8853.9300 13.886 14.8
 8862.7900 13.888  8.9
 8880.5000 13.892 17.7
 8898.2200 13.896 17.7
 8915.9400 13.900 17.7
 8933.6500 13.904 17.7
 8951.3700 13.908 17.7
 8969.0900 13.912 17.7
 8986.8000 13.916 17.7
 9004.5200 13.921 17.7
 9014.9100 13.923 10.4
 9025.3100 13.925 10.4
 9035.7000 13.927 10.4
 9046.0900 13.930 10.4
 9056.4800 13.932 10.4
 9066.8800 13.934 10.4
 9077.2700 13.936 10.4
 9087.6600 13.938 10.4
 9098.0500 13.941 10.4
 9108.4500 13.943 10.4
 9118.8400 13.945 10.4
 9129.2300 13.948 10.4
 9139.6200 13.950 10.4
 9150.0200 13.953 10.4
 9160.4100 13.955 10.4
 9170.8000 13.958 10.4
 9181.2000 13.960 10.4
 9191.5900 13.963 10.4
 9201.9800 13.965 10.4
 9212.3700 13.968 10.4
 9222.7700 13.971 10.4
 9229.0200 13.972  6.2
 9241.5200 13.974 12.5
 9250.0000 13.976  8.5
 9266.9700 13.979 17.0
 9283.9400 13.982 17.0
 9300.9100 13.986 17.0
 9317.8800 13.989 17.0
 9334.8400 13.992 17.0
 9351.8100 13.996 17.0
 9368.7800 13.999 17.0
 9385.7500 14.003 17.0
 9402.7200 14.007 17.0
 9419.6900 14.011 17.0
 9436.6600 14.016 17.0
 9453.6200 14.020 17.0
 9470.5900 14.025 17.0
 9487.5600 14.030 17.0
 9504.5300 14.035 17.0
 9521.5000 14.040 17.0
 9538.4700 14.045 17.0
 9545.9700 14.048  7.5
 9560.9800 14.049 15.0
 9575.9800 14.051 15.0
 9590.9900 14.052 15.0
 9606.0000 14.054 15.0
 9621.0000 14.056 15.0
 9636.0100 14.058 15.0
 9651.0100 14.060 15.0
 9666.0200 14.063 15.0
 9681.0200 14.065 15.0
 9696.0300 14.068 15.0
 9711.0400 14.071 15.0
 9726.0400 14.074 15.0
 9741.0500 14.077 15.0
 9756.0500 14.080 15.0
 9771.0600 14.083 15.0
 9786.0700 14.086 15.0
 9801.0700 14.089 15.0
 9816.0800 14.092 15.0
 9831.0800 14.096 15.0
 9846.0900 14.099 15.0
 9861.0900 14.103 15.0
 9876.1000 14.106 15.0
 9891.1100 14.110 15.0
 9906.1100 14.114 15.0
 9921.1200 14.119 15.0
 9936.1200 14.123 15.0
 9951.1300 14.128 15.0
 9966.1400 14.133 15.0
 9981.1400 14.139 15.0
 9996.1500 14.145 15.0
10000.0000 14.147  3.9
10007.7100 14.151  7.7
10023.1200 14.158 15.4
10038.5300 14.165 15.4
10049.3700 14.167 10.8
10060.2200 14.169 10.8
10071.0600 14.169 10.8
10081.9100 14.168 10.9
10092.7500 14.167 10.8
10103.6000 14.166 10.9
10114.4500 14.166 10.9
10125.2900 14.166 10.8
10136.1400 14.167 10.8
10146.9800 14.167 10.8
10157.8300 14.168 10.9
10168.6700 14.169 10.8
10179.5200 14.170 10.9
10190.3700 14.172 10.9
10201.2100 14.173 10.8
10212.0600 14.175 10.9
10222.9000 14.176 10.8
10233.7500 14.178 10.9
10244.5900 14.180 10.8
10255.4400 14.182 10.9
10266.2900 14.183 10.9
10277.1300 14.185 10.8
10287.9800 14.187 10.9
10298.8200 14.189 10.8
10309.6700 14.191 10.9
10320.5100 14.193 10.8
10331.3600 14.195 10.9
10342.2100 14.197 10.8
10353.0500 14.199 10.8
10363.9000 14.201 10.9
10374.7400 14.203 10.8
10385.5900 14.205 10.9
10396.4300 14.208 10.8
10407.2800 14.210 10.9
10418.1300 14.212 10.8
10428.9700 14.214 10.8
10439.8200 14.216 10.9
10450.6600 14.218 10.8
10461.5100 14.220 10.9
10472.3500 14.222 10.8
10483.2000 14.225 10.9
10494.0400 14.227 10.8
10504.8900 14.229 10.8
10515.7400 14.231 10.9
10526.5800 14.233 10.8
10537.4300 14.235 10.9
10548.2700 14.238 10.8
10559.1200 14.240 10.9
10569.9600 14.242 10.8
10580.8100 14.244 10.9
10591.6600 14.246 10.9
10602.5000 14.249 10.8
10613.3500 14.251 10.9
10624.1900 14.253 10.8
10635.0400 14.255 10.9
10645.8800 14.258 10.8
10656.7300 14.260 10.9
10667.5800 14.262 10.9
10678.4200 14.265 10.8
10689.2700 14.267 10.9
10700.1100 14.269 10.8
10710.9600 14.272 10.8
10721.8000 14.274 10.8
10732.6500 14.277 10.9
10743.5000 14.280 10.9
10754.3400 14.282 10.8
10765.1900 14.285 10.9
10776.0300 14.288 10.8
10786.8800 14.291 10.8
10797.7200 14.294 10.8
10808.5700 14.298 10.9
10819.4200 14.301 10.9
10830.2600 14.305 10.8
10841.1100 14.310 10.9
10851.9500 14.314 10.8
10862.8000 14.320 10.8
10873.6400 14.325 10.8
10884.4900 14.332 10.9
10895.3400 14.339 10.9
10906.1800 14.347 10.8
10917.0300 14.356 10.9
10927.8700 14.365 10.8
10938.0900 14.383 10.2
10943.2000 14.374  5.1
10948.3100 14.369  5.1
10958.5300 14.364 10.2
10968.7500 14.359 10.2
10978.9700 14.355 10.2
10989.1900 14.352 10.2
10999.4100 14.350 10.2
11009.6300 14.348 10.2
11019.8500 14.347 10.2
11030.0700 14.346 10.2
11040.2900 14.346 10.2
11050.5100 14.346 10.2
11060.7300 14.346 10.2
11070.9500 14.346 10.2
11081.1700 14.347 10.2
11091.3900 14.348 10.2
11101.6100 14.349 10.2
11111.8300 14.350 10.2
11122.0500 14.351 10.2
11132.2700 14.353 10.2
11142.4900 14.354 10.2
11152.7100 14.356 10.2
11162.9300 14.357 10.2
11173.1500 14.359 10.2
11183.3700 14.360 10.2
11193.5900 14.362 10.2
11203.8100 14.364 10.2
11214.0300 14.365 10.2
11224.2500 14.367 10.2
11234.4600 14.369 10.2
11244.6800 14.370 10.2
11254.9000 14.372 10.2
11265.1200 14.374 10.2
11275.3400 14.376 10.2
11285.5600 14.378 10.2
11295.7800 14.379 10.2
11306.0000 14.381 10.2
11316.2200 14.383 10.2
11326.4400 14.385 10.2
11336.6600 14.387 10.2
11346.8800 14.388 10.2
11357.1000 14.390 10.2
11367.3200 14.392 10.2
11377.5400 14.394 10.2
11387.7600 14.396 10.2
11397.9800 14.398 10.2
11408.2000 14.399 10.2
11418.4200 14.401 10.2
11428.6400 14.403 10.2
11438.8600 14.405 10.2
11449.0800 14.407 10.2
11459.3000 14.409 10.2
11469.5200 14.410 10.2
11479.7400 14.412 10.2
11489.9600 14.414 10.2
11500.1800 14.416 10.2
11510.4000 14.418 10.2
11520.6200 14.420 10.2
11530.8400 14.421 10.2
11541.0600 14.423 10.2
11551.2800 14.425 10.2
11561.5000 14.427 10.2
11571.7200 14.429 10.2
11581.9400 14.431 10.2
11592.1600 14.432 10.2
11602.3800 14.434 10.2
11612.5900 14.436 10.2
11622.8100 14.438 10.2
11633.0300 14.440 10.2
11643.2500 14.442 10.2
11653.4700 14.443 10.2
11663.6900 14.445 10.2
11673.9100 14.447 10.2
11684.1300 14.449 10.2
11694.3500 14.451 10.2
11704.5700 14.453 10.2
11714.7900 14.454 10.2
11725.0100 14.456 10.2
11735.2300 14.458 10.2
11745.4500 14.460 10.2
11755.6700 14.461 10.2
11765.8900 14.463 10.2
11776.1100 14.465 10.2
11786.3300 14.467 10.2
11796.5500 14.469 10.2
11806.7700 14.471 10.2
11816.9900 14.472 10.2
11827.2100 14.474 10.2
11837.4300 14.476 10.2
11847.6500 14.478 10.2
11857.8700 14.480 10.2
11868.0900 14.481 10.2
11878.3100 14.483 10.2
11888.5300 14.485 10.2
11898.7500 14.487 10.2
11908.9700 14.489 10.2
11919.1900 14.490 10.2
11929.4100 14.492 10.2
11939.6300 14.494 10.2
11949.8500 14.496 10.2
11960.0700 14.497 10.2
11970.2900 14.499 10.2
11980.5000 14.501 10.2
11990.7200 14.503 10.2
12000.0000 14.504  9.3
12018.5500 14.508 18.5
12037.1000 14.511 18.6
12055.6500 14.514 18.5
12074.2000 14.518 18.6
12092.7500 14.521 18.5
12111.3000 14.524 18.5
12129.8600 14.527 18.6
12148.4100 14.531 18.5
12166.9600 14.534 18.5
12185.5100 14.537 18.6
12204.0600 14.540 18.5
12222.6100 14.543 18.6
12241.1600 14.547 18.5
12259.7100 14.550 18.5
12278.2600 14.553 18.6
12296.8100 14.556 18.5
12315.3600 14.559 18.6
12333.9100 14.563 18.5
12352.4600 14.566 18.5
12371.0200 14.569 18.6
12389.5700 14.572 18.5
12408.1200 14.576 18.6
12426.6700 14.579 18.5
12445.2200 14.582 18.5
12463.7700 14.585 18.6
12482.3200 14.589 18.5
12500.8700 14.592 18.6
12519.4200 14.595 18.5
12537.9700 14.599 18.5
12556.5200 14.602 18.6
12575.0700 14.606 18.5
12593.6300 14.610 18.6
12612.1800 14.614 18.6
12630.7300 14.618 18.5
12649.2800 14.622 18.6
12667.8300 14.627 18.5
12686.3800 14.633 18.5
12704.9300 14.639 18.6
12723.4800 14.647 18.5
12742.0300 14.657 18.6
12760.5800 14.669 18.5
12779.1300 14.686 18.5
12797.6800 14.709 18.6
12816.2300 14.723 18.5
12818.0800 14.716  1.9
12819.0000 14.720  0.9
12819.9200 14.724  0.9
12821.7600 14.727  1.8
12825.4400 14.726  3.7
12829.1200 14.724  3.7
12836.4800 14.717  7.4
12851.2100 14.703 14.7
12865.9400 14.692 14.7
12880.6600 14.685 14.7
12895.3900 14.681 14.7
12910.1200 14.678 14.7
12924.8400 14.676 14.7
12939.5700 14.675 14.7
12954.3000 14.675 14.7
12969.0200 14.676 14.7
12983.7500 14.677 14.7
12998.4800 14.678 14.7
13013.2000 14.679 14.7
13027.9300 14.681 14.7
13042.6600 14.683 14.7
13057.3800 14.685 14.7
13072.1100 14.686 14.7
13086.8300 14.688 14.7
13101.5600 14.691 14.7
13116.2900 14.693 14.7
13131.0100 14.695 14.7
13145.7400 14.697 14.7
13160.4700 14.699 14.7
13175.1900 14.701 14.7
13189.9200 14.704 14.7
13204.6500 14.706 14.7
13219.3700 14.708 14.7
13234.1000 14.710 14.7
13248.8300 14.713 14.7
13263.5500 14.715 14.7
13278.2800 14.717 14.7
13293.0100 14.719 14.7
13307.7300 14.722 14.7
13322.4600 14.724 14.7
13337.1900 14.726 14.7
13351.9100 14.728 14.7
13366.6400 14.731 14.7
13381.3700 14.733 14.7
13396.0900 14.735 14.7
13410.8200 14.738 14.7
13425.5500 14.740 14.7
13440.2700 14.742 14.7
13455.0000 14.744 14.7
13469.7300 14.747 14.7
13484.4500 14.749 14.7
13499.1800 14.751 14.7
13513.9100 14.754 14.7
13528.6300 14.756 14.7
13543.3600 14.758 14.7
13558.0800 14.760 14.7
13572.8100 14.763 14.7
13587.5400 14.765 14.7
13602.2600 14.767 14.7
13616.9900 14.769 14.7
13631.7200 14.772 14.7
13646.4400 14.774 14.7
13661.1700 14.776 14.7
13675.9000 14.778 14.7
13690.6200 14.781 14.7
13705.3500 14.783 14.7
13720.0800 14.785 14.7
13734.8000 14.787 14.7
13749.5300 14.790 14.7
13764.2600 14.792 14.7
13778.9800 14.794 14.7
13793.7100 14.796 14.7
13808.4400 14.799 14.7
13823.1600 14.801 14.7
13837.8900 14.803 14.7
13852.6200 14.805 14.7
13867.3400 14.808 14.7
13882.0700 14.810 14.7
13896.8000 14.812 14.7
13911.5200 14.814 14.7
13926.2500 14.816 14.7
13940.9800 14.819 14.7
13955.7000 14.821 14.7
13970.4300 14.823 14.7
13985.1600 14.825 14.7
13999.8800 14.828 14.7
14000.0000 14.828  0.1
14000.2500 14.828  0.2
14000.7500 14.828  0.5
14001.7500 14.828  1.0
14003.7500 14.828  2.0
14007.7500 14.829  4.0
14015.7500 14.830  8.0
14031.7500 14.832 16.0
14047.7500 14.835 16.0
14063.7500 14.837 16.0
14079.7500 14.839 16.0
14095.7500 14.842 16.0
14111.7500 14.844 16.0
14127.7500 14.846 16.0
14143.7500 14.849 16.0
14159.7500 14.851 16.0
14175.7500 14.853 16.0
14191.7500 14.856 16.0
14207.7500 14.858 16.0
14223.7500 14.860 16.0
14239.7500 14.863 16.0
14255.7500 14.865 16.0
14271.7500 14.867 16.0
14287.7500 14.870 16.0
14303.7500 14.872 16.0
14319.7500 14.874 16.0
14335.7500 14.877 16.0
14351.7500 14.879 16.0
14367.7500 14.881 16.0
14383.7500 14.884 16.0
14399.7500 14.886 16.0
14415.7500 14.888 16.0
14431.7500 14.891 16.0
14447.7500 14.893 16.0
14463.7500 14.895 16.0
14479.7500 14.897 16.0
14495.7500 14.900 16.0
14511.7500 14.902 16.0
14527.7500 14.904 16.0
14543.7500 14.907 16.0
14559.7500 14.909 16.0
14575.7500 14.911 16.0
14591.7500 14.913 16.0
14607.7500 14.916 16.0
14623.7500 14.918 16.0
14639.7500 14.920 16.0
14655.7500 14.923 16.0
14671.7500 14.925 16.0
14687.7500 14.927 16.0
14703.7500 14.929 16.0
14719.7500 14.932 16.0
14735.7500 14.934 16.0
14751.7500 14.936 16.0
14767.7500 14.938 16.0
14783.7500 14.941 16.0
14799.7500 14.943 16.0
14815.7500 14.945 16.0
14831.7500 14.947 16.0
14847.7500 14.950 16.0
14863.7500 14.952 16.0
14879.7500 14.954 16.0
14895.7500 14.956 16.0
14911.7500 14.959 16.0
14927.7500 14.961 16.0
14943.7500 14.963 16.0
14959.7500 14.965 16.0
14975.7500 14.967 16.0
14991.7500 14.970 16.0
15007.7500 14.972 16.0
15023.7500 14.974 16.0
15039.7500 14.976 16.0
15055.7500 14.979 16.0
15071.7500 14.981 16.0
15087.7500 14.983 16.0
15103.7500 14.985 16.0
15119.7500 14.987 16.0
15135.7500 14.990 16.0
15151.7500 14.992 16.0
15167.7500 14.994 16.0
15183.7500 14.996 16.0
15199.7500 14.998 16.0
15215.7500 15.001 16.0
15231.7500 15.003 16.0
15247.7500 15.005 16.0
15263.7500 15.007 16.0
15279.7500 15.009 16.0
15295.7500 15.011 16.0
15311.7500 15.014 16.0
15327.7500 15.016 16.0
15343.7500 15.018 16.0
15359.7500 15.020 16.0
15375.7500 15.022 16.0
15391.7500 15.025 16.0
15407.7500 15.027 16.0
15423.7500 15.029 16.0
15439.7500 15.031 16.0
15455.7500 15.033 16.0
15471.7500 15.035 16.0
15487.7500 15.037 16.0
15503.7500 15.040 16.0
15519.7500 15.042 16.0
15535.7500 15.044 16.0
15551.7500 15.046 16.0
15567.7500 15.048 16.0
15583.7500 15.050 16.0
15599.7500 15.053 16.0
15615.7500 15.055 16.0
15631.7500 15.057 16.0
15647.7500 15.059 16.0
15663.7500 15.061 16.0
15679.7500 15.063 16.0
15695.7500 15.065 16.0
15711.7500 15.067 16.0
15727.7500 15.070 16.0
15743.7500 15.072 16.0
15759.7500 15.074 16.0
15775.7500 15.076 16.0
15791.7500 15.078 16.0
15807.7500 15.080 16.0
15823.7500 15.082 16.0
15839.7500 15.084 16.0
15855.7500 15.086 16.0
15871.7500 15.089 16.0
15887.7500 15.091 16.0
15903.7500 15.093 16.0
15919.7500 15.095 16.0
15935.7500 15.097 16.0
15951.7500 15.099 16.0
15967.7500 15.101 16.0
15983.7500 15.103 16.0
15999.7500 15.105 16.0
16000.0000 15.105  0.2
16000.5000 15.105  0.5
16001.5000 15.106  1.0
16003.5000 15.106  2.0
16007.5000 15.106  4.0
16015.5000 15.107  8.0
16031.5000 15.110 16.0
16047.5000 15.112 16.0
16063.5000 15.114 16.0
16079.5000 15.116 16.0
16095.5000 15.118 16.0
16111.5000 15.120 16.0
16127.5000 15.122 16.0
16143.5000 15.124 16.0
16159.5000 15.126 16.0
16175.5000 15.128 16.0
16191.5000 15.131 16.0
16207.5000 15.133 16.0
16223.5000 15.135 16.0
16239.5000 15.137 16.0
16255.5000 15.139 16.0
16271.5000 15.141 16.0
16287.5000 15.143 16.0
16303.5000 15.145 16.0
16319.5000 15.147 16.0
16335.5000 15.149 16.0
16351.5000 15.151 16.0
16367.5000 15.153 16.0
16383.5000 15.155 16.0
16399.5000 15.158 16.0
16415.5000 15.160 16.0
16431.5000 15.162 16.0
16447.5000 15.164 16.0
16463.5000 15.166 16.0
16479.5000 15.168 16.0
16495.5000 15.170 16.0
16511.5000 15.172 16.0
16527.5000 15.174 16.0
16543.5000 15.176 16.0
16559.5000 15.178 16.0
16575.5000 15.180 16.0
16591.5000 15.182 16.0
16607.5000 15.184 16.0
16623.5000 15.186 16.0
16639.5000 15.188 16.0
16655.5000 15.190 16.0
16671.5000 15.192 16.0
16687.5000 15.194 16.0
16703.5000 15.196 16.0
16719.5000 15.198 16.0
16735.5000 15.200 16.0
16751.5000 15.202 16.0
16767.5000 15.205 16.0
16783.5000 15.207 16.0
16799.5000 15.209 16.0
16815.5000 15.211 16.0
16831.5000 15.213 16.0
16847.5000 15.215 16.0
16863.5000 15.217 16.0
16879.5000 15.219 16.0
16895.5000 15.221 16.0
16911.5000 15.223 16.0
16927.5000 15.225 16.0
16943.5000 15.227 16.0
16959.5000 15.229 16.0
16975.5000 15.231 16.0
16991.5000 15.233 16.0
17007.5000 15.235 16.0
17023.5000 15.237 16.0
17039.5000 15.239 16.0
17055.5000 15.241 16.0
17071.5000 15.243 16.0
17087.5000 15.245 16.0
17103.5000 15.247 16.0
17119.5000 15.249 16.0
17135.5000 15.251 16.0
17151.5000 15.252 16.0
17167.5000 15.254 16.0
17183.5000 15.256 16.0
17199.5000 15.258 16.0
17215.5000 15.260 16.0
17231.5000 15.262 16.0
17247.5000 15.264 16.0
17263.5000 15.266 16.0
17279.5000 15.268 16.0
17295.5000 15.270 16.0
17311.5000 15.272 16.0
17327.5000 15.274 16.0
17343.5000 15.276 16.0
17359.5000 15.278 16.0
17375.5000 15.280 16.0
17391.5000 15.282 16.0
17407.5000 15.284 16.0
17423.5000 15.286 16.0
17439.5000 15.288 16.0
17455.5000 15.290 16.0
17471.5000 15.292 16.0
17487.5000 15.294 16.0
17503.5000 15.296 16.0
17519.5000 15.297 16.0
17535.5000 15.299 16.0
17551.5000 15.301 16.0
17567.5000 15.303 16.0
17583.5000 15.305 16.0
17599.5000 15.307 16.0
17615.5000 15.309 16.0
17631.5000 15.311 16.0
17647.5000 15.313 16.0
17663.5000 15.315 16.0
17679.5000 15.317 16.0
17695.5000 15.319 16.0
17711.5000 15.321 16.0
17727.5000 15.323 16.0
17743.5000 15.324 16.0
17759.5000 15.326 16.0
17775.5000 15.328 16.0
17791.5000 15.330 16.0
17807.5000 15.332 16.0
17823.5000 15.334 16.0
17839.5000 15.336 16.0
17855.5000 15.338 16.0
17871.5000 15.340 16.0
17887.5000 15.342 16.0
17903.5000 15.343 16.0
17919.5000 15.345 16.0
17935.5000 15.347 16.0
17951.5000 15.349 16.0
17967.5000 15.351 16.0
17983.5000 15.353 16.0
17999.5000 15.355 16.0
18000.0000 15.355  0.5
18001.0000 15.355  1.0
18003.0000 15.356  2.0
18007.0000 15.356  4.0
18015.0000 15.357  8.0
18031.0000 15.359 16.0
18047.0000 15.361 16.0
18063.0000 15.363 16.0
18079.0000 15.365 16.0
18095.0000 15.366 16.0
18111.0000 15.368 16.0
18127.0000 15.370 16.0
18143.0000 15.372 16.0
18159.0000 15.374 16.0
18175.0000 15.376 16.0
18191.0000 15.378 16.0
18207.0000 15.380 16.0
18223.0000 15.382 16.0
18239.0000 15.384 16.0
18255.0000 15.385 16.0
18271.0000 15.387 16.0
18287.0000 15.389 16.0
18303.0000 15.391 16.0
18319.0000 15.393 16.0
18335.0000 15.395 16.0
18351.0000 15.397 16.0
18367.0000 15.399 16.0
18383.0000 15.401 16.0
18399.0000 15.403 16.0
18415.0000 15.405 16.0
18431.0000 15.407 16.0
18447.0000 15.409 16.0
18463.0000 15.411 16.0
18479.0000 15.413 16.0
18495.0000 15.415 16.0
18511.0000 15.418 16.0
18527.0000 15.420 16.0
18543.0000 15.422 16.0
18559.0000 15.425 16.0
18575.0000 15.428 16.0
18591.0000 15.431 16.0
18607.0000 15.434 16.0
18623.0000 15.438 16.0
18639.0000 15.443 16.0
18655.0000 15.448 16.0
18671.0000 15.455 16.0
18687.0000 15.464 16.0
18703.0000 15.475 16.0
18719.0000 15.488 16.0
18735.0000 15.502 16.0
18739.0000 15.505  4.0
18743.0000 15.510  4.0
18745.0000 15.514  2.0
18747.0000 15.524  2.0
18749.0000 15.544  2.0
18751.0000 15.575  2.0
18751.1200 15.575  0.1
18751.3700 15.574  0.2
18751.8700 15.569  0.5
18752.8700 15.551  1.0
18753.8700 15.536  1.0
18754.8700 15.527  1.0
18755.8700 15.521  1.0
18757.8700 15.514  2.0
18761.8700 15.508  4.0
18765.8700 15.506  4.0
18773.8700 15.501  8.0
18789.8700 15.491 16.0
18805.8700 15.482 16.0
18821.8700 15.475 16.0
18837.8700 15.471 16.0
18853.8700 15.469 16.0
18869.8700 15.467 16.0
18885.8700 15.467 16.0
18901.8700 15.467 16.0
18917.8700 15.467 16.0
18933.8700 15.468 16.0
18949.8700 15.469 16.0
18965.8700 15.470 16.0
18981.8700 15.471 16.0
18997.8700 15.472 16.0
19013.8700 15.474 16.0
19029.8700 15.475 16.0
19045.8700 15.477 16.0
19061.8700 15.478 16.0
19077.8700 15.480 16.0
19093.8700 15.482 16.0
19109.8700 15.483 16.0
19125.8700 15.485 16.0
19141.8700 15.487 16.0
19157.8700 15.488 16.0
19173.8700 15.490 16.0
19189.8700 15.492 16.0
19205.8700 15.493 16.0
19221.8700 15.495 16.0
19237.8700 15.497 16.0
19253.8700 15.499 16.0
19269.8700 15.500 16.0
19285.8700 15.502 16.0
19301.8700 15.504 16.0
19317.8700 15.505 16.0
19333.8700 15.507 16.0
19349.8700 15.509 16.0
19365.8700 15.511 16.0
19381.8700 15.512 16.0
19397.8700 15.514 16.0
19413.8700 15.516 16.0
19429.8700 15.518 16.0
19445.8700 15.519 16.0
19461.8700 15.521 16.0
19477.8700 15.523 16.0
19493.8700 15.525 16.0
19509.8700 15.526 16.0
19525.8700 15.528 16.0
19541.8700 15.530 16.0
19557.8700 15.531 16.0
19573.8700 15.533 16.0
19589.8700 15.535 16.0
19605.8700 15.537 16.0
19621.8700 15.538 16.0
19637.8700 15.540 16.0
19653.8700 15.542 16.0
19669.8700 15.543 16.0
19685.8700 15.545 16.0
19701.8700 15.547 16.0
19717.8700 15.549 16.0
19733.8700 15.550 16.0
19749.8700 15.552 16.0
19765.8700 15.554 16.0
19781.8700 15.556 16.0
19797.8700 15.557 16.0
19813.8700 15.559 16.0
19829.8700 15.561 16.0
19845.8700 15.562 16.0
19861.8700 15.564 16.0
19877.8700 15.566 16.0
19893.8700 15.568 16.0
19909.8700 15.569 16.0
19925.8700 15.571 16.0
19941.8700 15.573 16.0
19957.8700 15.574 16.0
19973.8700 15.576 16.0
19989.8700 15.578 16.0
20000.0000 15.579 10.1
20010.1300 15.580 10.1
20020.2500 15.581 10.1
20030.3800 15.582 10.1
20040.5100 15.583 10.1
20050.6300 15.584 10.1
20060.7600 15.585 10.1
20070.8900 15.586 10.1
20081.0200 15.587 10.1
20091.1400 15.589 10.1
20101.2700 15.590 10.1
20111.4000 15.591 10.1
20121.5200 15.592 10.1
20131.6500 15.593 10.1
20141.7800 15.594 10.1
20151.9000 15.595 10.1
20162.0300 15.596 10.1
20172.1600 15.597 10.1
20182.2900 15.598 10.1
20192.4100 15.599 10.1
20202.5400 15.600 10.1
20212.6700 15.601 10.1
20222.7900 15.602 10.1
20232.9200 15.603 10.1
20243.0500 15.605 10.1
20253.1700 15.606 10.1
20263.3000 15.607 10.1
20273.4300 15.608 10.1
20283.5500 15.609 10.1
20293.6800 15.610 10.1
20303.8100 15.611 10.1
20313.9400 15.612 10.1
20324.0600 15.613 10.1
20334.1900 15.614 10.1
20344.3200 15.615 10.1
20354.4400 15.616 10.1
20364.5700 15.617 10.1
20374.7000 15.618 10.1
20384.8200 15.619 10.1
20394.9500 15.620 10.1
20405.0800 15.621 10.1
20415.2100 15.623 10.1
20425.3300 15.624 10.1
20435.4600 15.625 10.1
20445.5900 15.626 10.1
20455.7100 15.627 10.1
20465.8400 15.628 10.1
20475.9700 15.629 10.1
20486.0900 15.630 10.1
20496.2200 15.631 10.1
20506.3500 15.632 10.1
20516.4700 15.633 10.1
20526.6000 15.634 10.1
20536.7300 15.635 10.1
20546.8600 15.636 10.1
20556.9800 15.637 10.1
20567.1100 15.638 10.1
20577.2400 15.639 10.1
20587.3600 15.640 10.1
20597.4900 15.641 10.1
20607.6200 15.642 10.1
20617.7400 15.644 10.1
20627.8700 15.645 10.1
20638.0000 15.646 10.1
20648.1300 15.647 10.1
20658.2500 15.648 10.1
20668.3800 15.649 10.1
20678.5100 15.650 10.1
20688.6300 15.651 10.1
20698.7600 15.652 10.1
20708.8900 15.653 10.1
20719.0100 15.654 10.1
20729.1400 15.655 10.1
20739.2700 15.656 10.1
20749.3900 15.657 10.1
20759.5200 15.658 10.1
20769.6500 15.659 10.1
20779.7800 15.660 10.1
20789.9000 15.661 10.1
20800.0300 15.662 10.1
20810.1600 15.663 10.1
20820.2800 15.664 10.1
20830.4100 15.665 10.1
20840.5400 15.666 10.1
20850.6600 15.667 10.1
20860.7900 15.668 10.1
20870.9200 15.670 10.1
20881.0400 15.671 10.1
20891.1700 15.672 10.1
20901.3000 15.673 10.1
20911.4300 15.674 10.1
20921.5500 15.675 10.1
20931.6800 15.676 10.1
20941.8100 15.677 10.1
20951.9300 15.678 10.1
20962.0600 15.679 10.1
20972.1900 15.680 10.1
20982.3100 15.681 10.1
20992.4400 15.682 10.1
21002.5700 15.683 10.1
21012.7000 15.684 10.1
21022.8200 15.685 10.1
21032.9500 15.686 10.1
21043.0800 15.687 10.1
21053.2000 15.688 10.1
21063.3300 15.689 10.1
21073.4600 15.690 10.1
21083.5800 15.691 10.1
21093.7100 15.692 10.1
21103.8400 15.693 10.1
21113.9600 15.694 10.1
21124.0900 15.695 10.1
21134.2200 15.696 10.1
21144.3500 15.697 10.1
21154.4700 15.698 10.1
21164.6000 15.699 10.1
21174.7300 15.700 10.1
21184.8500 15.701 10.1
21194.9800 15.702 10.1
21205.1100 15.703 10.1
21215.2300 15.704 10.1
21225.3600 15.705 10.1
21235.4900 15.706 10.1
21245.6200 15.707 10.1
21255.7400 15.708 10.1
21265.8700 15.709 10.1
21276.0000 15.710 10.1
21286.1200 15.711 10.1
21296.2500 15.712 10.1
21306.3800 15.713 10.1
21316.5000 15.714 10.1
21326.6300 15.715 10.1
21336.7600 15.716 10.1
21346.8800 15.717 10.1
21357.0100 15.719 10.1
21367.1400 15.720 10.1
21377.2700 15.721 10.1
21387.3900 15.722 10.1
21397.5200 15.723 10.1
21407.6500 15.724 10.1
21417.7700 15.725 10.1
21427.9000 15.726 10.1
21438.0300 15.727 10.1
21448.1500 15.728 10.1
21458.2800 15.729 10.1
21468.4100 15.730 10.1
21478.5400 15.731 10.1
21488.6600 15.732 10.1
21498.7900 15.733 10.1
21508.9200 15.734 10.1
21519.0400 15.735 10.1
21529.1700 15.736 10.1
21539.3000 15.737 10.1
21549.4200 15.738 10.1
21559.5500 15.739 10.1
21569.6800 15.740 10.1
21579.8000 15.741 10.1
21589.9300 15.742 10.1
21600.0600 15.743 10.1
21610.1900 15.744 10.1
21620.3100 15.745 10.1
21630.4400 15.746 10.1
21640.5700 15.747 10.1
21650.6900 15.748 10.1
21660.8200 15.749 10.1
21670.9500 15.750 10.1
21681.0700 15.751 10.1
21691.2000 15.752 10.1
21701.3300 15.753 10.1
21711.4600 15.754 10.1
21721.5800 15.755 10.1
21731.7100 15.756 10.1
21741.8400 15.757 10.1
21751.9600 15.758 10.1
21762.0900 15.759 10.1
21772.2200 15.759 10.1
21782.3400 15.760 10.1
21792.4700 15.761 10.1
21802.6000 15.762 10.1
21812.7200 15.763 10.1
21822.8500 15.764 10.1
21832.9800 15.765 10.1
21843.1100 15.766 10.1
21853.2300 15.767 10.1
21863.3600 15.768 10.1
21873.4900 15.769 10.1
21883.6100 15.770 10.1
21893.7400 15.771 10.1
21903.8700 15.772 10.1
21913.9900 15.773 10.1
21924.1200 15.774 10.1
21934.2500 15.775 10.1
21944.3800 15.776 10.1
21954.5000 15.777 10.1
21964.6300 15.778 10.1
21974.7600 15.779 10.1
21984.8800 15.780 10.1
21995.0100 15.781 10.1
22005.1400 15.782 10.1
22015.2600 15.783 10.1
22025.3900 15.784 10.1
22035.5200 15.785 10.1
22045.6400 15.786 10.1
22055.7700 15.787 10.1
22065.9000 15.788 10.1
22076.0300 15.789 10.1
22086.1500 15.790 10.1
22096.2800 15.791 10.1
22106.4100 15.792 10.1
22116.5300 15.793 10.1
22126.6600 15.794 10.1
22136.7900 15.795 10.1
22146.9100 15.796 10.1
22157.0400 15.797 10.1
22167.1700 15.798 10.1
22177.2900 15.799 10.1
22187.4200 15.800 10.1
22197.5500 15.801 10.1
22207.6800 15.802 10.1
22217.8000 15.803 10.1
22227.9300 15.804 10.1
22238.0600 15.805 10.1
22248.1800 15.806 10.1
22258.3100 15.807 10.1
22268.4400 15.808 10.1
22278.5600 15.808 10.1
22288.6900 15.809 10.1
22298.8200 15.810 10.1
22308.9500 15.811 10.1
22319.0700 15.812 10.1
22329.2000 15.813 10.1
22339.3300 15.814 10.1
22349.4500 15.815 10.1
22359.5800 15.816 10.1
22369.7100 15.817 10.1
22379.8300 15.818 10.1
22389.9600 15.819 10.1
22400.0900 15.820 10.1
22410.2100 15.821 10.1
22420.3400 15.822 10.1
22430.4700 15.823 10.1
22440.6000 15.824 10.1
22450.7200 15.825 10.1
22460.8500 15.826 10.1
22470.9800 15.827 10.1
22481.1000 15.828 10.1
22491.2300 15.829 10.1
22501.3600 15.830 10.1
22511.4800 15.831 10.1
22521.6100 15.832 10.1
22531.7400 15.833 10.1
22541.8700 15.834 10.1
22551.9900 15.834 10.1
22562.1200 15.835 10.1
22572.2500 15.836 10.1
22582.3700 15.837 10.1
22592.5000 15.838 10.1
22602.6300 15.839 10.1
22612.7500 15.840 10.1
22622.8800 15.841 10.1
22633.0100 15.842 10.1
22643.1300 15.843 10.1
22653.2600 15.844 10.1
22663.3900 15.845 10.1
22673.5200 15.846 10.1
22683.6400 15.847 10.1
22693.7700 15.848 10.1
22703.9000 15.849 10.1
22714.0200 15.850 10.1
22724.1500 15.851 10.1
22734.2800 15.852 10.1
22744.4000 15.853 10.1
22754.5300 15.854 10.1
22764.6600 15.854 10.1
22774.7900 15.855 10.1
22784.9100 15.856 10.1
22795.0400 15.857 10.1
22805.1700 15.858 10.1
22815.2900 15.859 10.1
22825.4200 15.860 10.1
22835.5500 15.861 10.1
22845.6700 15.862 10.1
22855.8000 15.863 10.1
22865.9300 15.864 10.1
22876.0500 15.865 10.1
22886.1800 15.866 10.1
22896.3100 15.867 10.1
22906.4400 15.868 10.1
22916.5600 15.869 10.1
22926.6900 15.870 10.1
22936.8200 15.871 10.1
22946.9400 15.871 10.1
22957.0700 15.872 10.1
22967.2000 15.873 10.1
22977.3200 15.874 10.1
22987.4500 15.875 10.1
22997.5800 15.876 10.1
23007.7100 15.877 10.1
23017.8300 15.878 10.1
23027.9600 15.879 10.1
23038.0900 15.880 10.1
23048.2100 15.881 10.1
23058.3400 15.882 10.1
23068.4700 15.883 10.1
23078.5900 15.884 10.1
23088.7200 15.885 10.1
23098.8500 15.886 10.1
23108.9700 15.886 10.1
23119.1000 15.887 10.1
23129.2300 15.888 10.1
23139.3600 15.889 10.1
23149.4800 15.890 10.1
23159.6100 15.891 10.1
23169.7400 15.892 10.1
23179.8600 15.893 10.1
23189.9900 15.894 10.1
23200.1200 15.895 10.1
23210.2400 15.896 10.1
23220.3700 15.897 10.1
23230.5000 15.898 10.1
23240.6300 15.899 10.1
23250.7500 15.900 10.1
23260.8800 15.900 10.1
23271.0100 15.901 10.1
23281.1300 15.902 10.1
23291.2600 15.903 10.1
23301.3900 15.904 10.1
23311.5100 15.905 10.1
23321.6400 15.906 10.1
23331.7700 15.907 10.1
23341.8900 15.908 10.1
23352.0200 15.909 10.1
23362.1500 15.910 10.1
23372.2800 15.911 10.1
23382.4000 15.912 10.1
23392.5300 15.913 10.1
23402.6600 15.913 10.1
23412.7800 15.914 10.1
23422.9100 15.915 10.1
23433.0400 15.916 10.1
23443.1600 15.917 10.1
23453.2900 15.918 10.1
23463.4200 15.919 10.1
23473.5400 15.920 10.1
23483.6700 15.921 10.1
23493.8000 15.922 10.1
23503.9300 15.923 10.1
23514.0500 15.924 10.1
23524.1800 15.924 10.1
23534.3100 15.925 10.1
23544.4300 15.926 10.1
23554.5600 15.927 10.1
23564.6900 15.928 10.1
23574.8100 15.929 10.1
23584.9400 15.930 10.1
23595.0700 15.931 10.1
23605.2000 15.932 10.1
23615.3200 15.933 10.1
23625.4500 15.934 10.1
23635.5800 15.935 10.1
23645.7000 15.935 10.1
23655.8300 15.936 10.1
23665.9600 15.937 10.1
23676.0800 15.938 10.1
23686.2100 15.939 10.1
23696.3400 15.940 10.1
23706.4600 15.941 10.1
23716.5900 15.942 10.1
23726.7200 15.943 10.1
23736.8500 15.944 10.1
23746.9700 15.945 10.1
23757.1000 15.946 10.1
23767.2300 15.946 10.1
23777.3500 15.947 10.1
23787.4800 15.948 10.1
23797.6100 15.949 10.1
23807.7300 15.950 10.1
23817.8600 15.951 10.1
23827.9900 15.952 10.1
23838.1200 15.953 10.1
23848.2400 15.954 10.1
23858.3700 15.955 10.1
23868.5000 15.956 10.1
23878.6200 15.956 10.1
23888.7500 15.957 10.1
23898.8800 15.958 10.1
23909.0000 15.959 10.1
23919.1300 15.960 10.1
23929.2600 15.961 10.1
23939.3800 15.962 10.1
23949.5100 15.963 10.1
23959.6400 15.964 10.1
23969.7700 15.965 10.1
23979.8900 15.965 10.1
23990.0200 15.966 10.1
24000.1500 15.967 10.1
24010.2700 15.968 10.1
24020.4000 15.969 10.1
24030.5300 15.970 10.1
24040.6500 15.971 10.1
24050.7800 15.972 10.1
24060.9100 15.973 10.1
24071.0400 15.974 10.1
24081.1600 15.974 10.1
24091.2900 15.975 10.1
24101.4200 15.976 10.1
24111.5400 15.977 10.1
24121.6700 15.978 10.1
24131.8000 15.979 10.1
24141.9200 15.980 10.1
24152.0500 15.981 10.1
24162.1800 15.982 10.1
24172.3000 15.983 10.1
24182.4300 15.983 10.1
24192.5600 15.984 10.1
24202.6900 15.985 10.1
24212.8100 15.986 10.1
24222.9400 15.987 10.1
24233.0700 15.988 10.1
24243.1900 15.989 10.1
24253.3200 15.990 10.1
24263.4500 15.991 10.1
24273.5700 15.991 10.1
24283.7000 15.992 10.1
24293.8300 15.993 10.1
24303.9600 15.994 10.1
24314.0800 15.995 10.1
24324.2100 15.996 10.1
24334.3400 15.997 10.1
24344.4600 15.998 10.1
24354.5900 15.999 10.1
24364.7200 15.999 10.1
24374.8400 16.000 10.1
24384.9700 16.001 10.1
24395.1000 16.002 10.1
24405.2200 16.003 10.1
24415.3500 16.004 10.1
24425.4800 16.005 10.1
24435.6100 16.006 10.1
24445.7300 16.007 10.1
24455.8600 16.007 10.1
24465.9900 16.008 10.1
24476.1100 16.009 10.1
24486.2400 16.010 10.1
24496.3700 16.011 10.1
24506.4900 16.012 10.1
24516.6200 16.013 10.1
24526.7500 16.014 10.1
24536.8800 16.015 10.1
24547.0000 16.015 10.1
24557.1300 16.016 10.1
24567.2600 16.017 10.1
24577.3800 16.018 10.1
24587.5100 16.019 10.1
24597.6400 16.020 10.1
24607.7600 16.021 10.1
24617.8900 16.022 10.1
24628.0200 16.022 10.1
24638.1400 16.023 10.1
24648.2700 16.024 10.1
24658.4000 16.025 10.1
24668.5300 16.026 10.1
24678.6500 16.027 10.1
24688.7800 16.028 10.1
24698.9100 16.029 10.1
24709.0300 16.029 10.1
24719.1600 16.030 10.1
24729.2900 16.031 10.1
24739.4100 16.032 10.1
24749.5400 16.033 10.1
24759.6700 16.034 10.1
24769.7900 16.035 10.1
24779.9200 16.036 10.1
24790.0500 16.036 10.1
24800.1800 16.037 10.1
24810.3000 16.038 10.1
24820.4300 16.039 10.1
24830.5600 16.040 10.1
24840.6800 16.041 10.1
24850.8100 16.042 10.1
24860.9400 16.043 10.1
24871.0600 16.043 10.1
24881.1900 16.044 10.1
24891.3200 16.045 10.1
24901.4500 16.046 10.1
24911.5700 16.047 10.1
24921.7000 16.048 10.1
24931.8300 16.049 10.1
24941.9500 16.050 10.1
24952.0800 16.050 10.1
24962.2100 16.051 10.1
24972.3300 16.052 10.1
24982.4600 16.053 10.1
24992.5900 16.054 10.1
25002.7100 16.055 10.1
25012.8400 16.056 10.1
25022.9700 16.056 10.1
25033.1000 16.057 10.1
25043.2200 16.058 10.1
25053.3500 16.059 10.1
25063.4800 16.060 10.1
25073.6000 16.061 10.1
25083.7300 16.062 10.1
25093.8600 16.062 10.1
25103.9800 16.063 10.1
25114.1100 16.064 10.1
25124.2400 16.065 10.1
25134.3700 16.066 10.1
25144.4900 16.067 10.1
25154.6200 16.068 10.1
25164.7500 16.069 10.1
25174.8700 16.069 10.1
25185.0000 16.070 10.1
25195.1300 16.071 10.1
25205.2500 16.072 10.1
25215.3800 16.073 10.1
25225.5100 16.074 10.1
25235.6300 16.075 10.1
25245.7600 16.075 10.1
25255.8900 16.076 10.1
25266.0200 16.077 10.1
25276.1400 16.078 10.1
25286.2700 16.079 10.1
25296.4000 16.080 10.1
25306.5200 16.081 10.1
25316.6500 16.081 10.1
25326.7800 16.082 10.1
25336.9000 16.083 10.1
25347.0300 16.084 10.1
25357.1600 16.085 10.1
25367.2900 16.086 10.1
25377.4100 16.087 10.1
25387.5400 16.087 10.1
25397.6700 16.088 10.1
25407.7900 16.089 10.1
25417.9200 16.090 10.1
25428.0500 16.091 10.1
25438.1700 16.092 10.1
25448.3000 16.092 10.1
25458.4300 16.093 10.1
25468.5500 16.094 10.1
25478.6800 16.095 10.1
25488.8100 16.096 10.1
25498.9400 16.097 10.1
25509.0600 16.098 10.1
25519.1900 16.098 10.1
25529.3200 16.099 10.1
25539.4400 16.100 10.1
25549.5700 16.101 10.1
25559.7000 16.102 10.1
25569.8200 16.103 10.1
25579.9500 16.104 10.1
25590.0800 16.104 10.1
25600.2100 16.105 10.1
25610.3300 16.106 10.1
25620.4600 16.107 10.1
25630.5900 16.108 10.1
25640.7100 16.109 10.1
25650.8400 16.109 10.1
25660.9700 16.110 10.1
25671.0900 16.111 10.1
25681.2200 16.112 10.1
25691.3500 16.113 10.1
25701.4700 16.114 10.1
25711.6000 16.115 10.1
25721.7300 16.115 10.1
25731.8600 16.116 10.1
25741.9800 16.117 10.1
25752.1100 16.118 10.1
25762.2400 16.119 10.1
25772.3600 16.120 10.1
25782.4900 16.120 10.1
25792.6200 16.121 10.1
25802.7400 16.122 10.1
25812.8700 16.123 10.1
25823.0000 16.124 10.1
25833.1300 16.125 10.1
25843.2500 16.125 10.1
25853.3800 16.126 10.1
25863.5100 16.127 10.1
25873.6300 16.128 10.1
25883.7600 16.129 10.1
25893.8900 16.130 10.1
25904.0100 16.130 10.1
25914.1400 16.131 10.1
25924.2700 16.132 10.1
25934.3900 16.133 10.1
25944.5200 16.134 10.1
25954.6500 16.135 10.1
25964.7800 16.135 10.1
25974.9000 16.136 10.1
25985.0300 16.137 10.1
25995.1600 16.138 10.1
26005.2800 16.139 10.1
26015.4100 16.140 10.1
26025.5400 16.140 10.1
26035.6600 16.141 10.1
26045.7900 16.142 10.1
26055.9200 16.143 10.1
26066.0400 16.144 10.1
26076.1700 16.145 10.1
26086.3000 16.145 10.1
26096.4300 16.146 10.1
26106.5500 16.147 10.1
26116.6800 16.148 10.1
26126.8100 16.149 10.1
26136.9300 16.150 10.1
26147.0600 16.150 10.1
26157.1900 16.151 10.1
26167.3100 16.152 10.1
26177.4400 16.153 10.1
26187.5700 16.154 10.1
26197.7000 16.155 10.1
26207.8200 16.155 10.1
26217.9500 16.156 10.1
26228.0800 16.157 10.1
26238.2000 16.158 10.1
26248.3300 16.159 10.1
26258.4600 16.160 10.1
26268.5800 16.160 10.1
26278.7100 16.161 10.1
26288.8400 16.162 10.1
26298.9600 16.163 10.1
26309.0900 16.164 10.1
26319.2200 16.165 10.1
26329.3500 16.165 10.1
26339.4700 16.166 10.1
26349.6000 16.167 10.1
26359.7300 16.168 10.1
26369.8500 16.169 10.1
26379.9800 16.169 10.1
26390.1100 16.170 10.1
26400.2300 16.171 10.1
26410.3600 16.172 10.1
26420.4900 16.173 10.1
26430.6200 16.174 10.1
26440.7400 16.174 10.1
26450.8700 16.175 10.1
26461.0000 16.176 10.1
26471.1200 16.177 10.1
26481.2500 16.178 10.1
26491.3800 16.178 10.1
26501.5000 16.179 10.1
26511.6300 16.180 10.1
26521.7600 16.181 10.1
26531.8800 16.182 10.1
26542.0100 16.183 10.1
26552.1400 16.183 10.1
26562.2700 16.184 10.1
26572.3900 16.185 10.1
26582.5200 16.186 10.1
26592.6500 16.187 10.1
26602.7700 16.187 10.1
26612.9000 16.188 10.1
26623.0300 16.189 10.1
26633.1500 16.190 10.1
26643.2800 16.191 10.1
26653.4100 16.192 10.1
26663.5400 16.192 10.1
26673.6600 16.193 10.1
26683.7900 16.194 10.1
26693.9200 16.195 10.1
26704.0400 16.196 10.1
26714.1700 16.196 10.1
26724.3000 16.197 10.1
26734.4200 16.198 10.1
26744.5500 16.199 10.1
26754.6800 16.200 10.1
26764.8000 16.200 10.1
26774.9300 16.201 10.1
26785.0600 16.202 10.1
26795.1900 16.203 10.1
26805.3100 16.204 10.1
26815.4400 16.204 10.1
26825.5700 16.205 10.1
26835.6900 16.206 10.1
26845.8200 16.207 10.1
26855.9500 16.208 10.1
26866.0700 16.209 10.1
26876.2000 16.209 10.1
26886.3300 16.210 10.1
26896.4600 16.211 10.1
26906.5800 16.212 10.1
26916.7100 16.213 10.1
26926.8400 16.213 10.1
26936.9600 16.214 10.1
26947.0900 16.215 10.1
26957.2200 16.216 10.1
26967.3400 16.217 10.1
26977.4700 16.217 10.1
26987.6000 16.218 10.1
26997.7200 16.219 10.1
27007.8500 16.220 10.1
27017.9800 16.221 10.1
27028.1100 16.221 10.1
27038.2300 16.222 10.1
27048.3600 16.223 10.1
27058.4900 16.224 10.1
27068.6100 16.225 10.1
27078.7400 16.225 10.1
27088.8700 16.226 10.1
27098.9900 16.227 10.1
27109.1200 16.228 10.1
27119.2500 16.229 10.1
27129.3800 16.229 10.1
27139.5000 16.230 10.1
27149.6300 16.231 10.1
27159.7600 16.232 10.1
27169.8800 16.233 10.1
27180.0100 16.233 10.1
27190.1400 16.234 10.1
27200.2600 16.235 10.1
27210.3900 16.236 10.1
27220.5200 16.237 10.1
27230.6400 16.237 10.1
27240.7700 16.238 10.1
27250.9000 16.239 10.1
27261.0300 16.240 10.1
27271.1500 16.241 10.1
27281.2800 16.241 10.1
27291.4100 16.242 10.1
27301.5300 16.243 10.1
27311.6600 16.244 10.1
27321.7900 16.245 10.1
27331.9100 16.245 10.1
27342.0400 16.246 10.1
27352.1700 16.247 10.1
27362.2900 16.248 10.1
27372.4200 16.249 10.1
27382.5500 16.249 10.1
27392.6800 16.250 10.1
27402.8000 16.251 10.1
27412.9300 16.252 10.1
27423.0600 16.252 10.1
27433.1800 16.253 10.1
27443.3100 16.254 10.1
27453.4400 16.255 10.1
27463.5600 16.256 10.1
27473.6900 16.256 10.1
27483.8200 16.257 10.1
27493.9500 16.258 10.1
27504.0700 16.259 10.1
27514.2000 16.260 10.1
27524.3300 16.260 10.1
27534.4500 16.261 10.1
27544.5800 16.262 10.1
27554.7100 16.263 10.1
27564.8300 16.264 10.1
27574.9600 16.264 10.1
27585.0900 16.265 10.1
27595.2100 16.266 10.1
27605.3400 16.267 10.1
27615.4700 16.267 10.1
27625.6000 16.268 10.1
27635.7200 16.269 10.1
27645.8500 16.270 10.1
27655.9800 16.271 10.1
27666.1000 16.271 10.1
27676.2300 16.272 10.1
27686.3600 16.273 10.1
27696.4800 16.274 10.1
27706.6100 16.275 10.1
27716.7400 16.275 10.1
27726.8700 16.276 10.1
27736.9900 16.277 10.1
27747.1200 16.278 10.1
27757.2500 16.278 10.1
27767.3700 16.279 10.1
27777.5000 16.280 10.1
27787.6300 16.281 10.1
27797.7500 16.282 10.1
27807.8800 16.282 10.1
27818.0100 16.283 10.1
27828.1300 16.284 10.1
27838.2600 16.285 10.1
27848.3900 16.285 10.1
27858.5200 16.286 10.1
27868.6400 16.287 10.1
27878.7700 16.288 10.1
27888.9000 16.289 10.1
27899.0200 16.289 10.1
27909.1500 16.290 10.1
27919.2800 16.291 10.1
27929.4000 16.292 10.1
27939.5300 16.292 10.1
27949.6600 16.293 10.1
27959.7900 16.294 10.1
27969.9100 16.295 10.1
27980.0400 16.296 10.1
27990.1700 16.296 10.1
28000.2900 16.297 10.1
28010.4200 16.298 10.1
28020.5500 16.299 10.1
28030.6700 16.299 10.1
28040.8000 16.300 10.1
28050.9300 16.301 10.1
28061.0500 16.302 10.1
28071.1800 16.303 10.1
28081.3100 16.303 10.1
28091.4400 16.304 10.1
28101.5600 16.305 10.1
28111.6900 16.306 10.1
28121.8200 16.306 10.1
28131.9400 16.307 10.1
28142.0700 16.308 10.1
28152.2000 16.309 10.1
28162.3200 16.309 10.1
28172.4500 16.310 10.1
28182.5800 16.311 10.1
28192.7100 16.312 10.1
28202.8300 16.313 10.1
28212.9600 16.313 10.1
28223.0900 16.314 10.1
28233.2100 16.315 10.1
28243.3400 16.316 10.1
28253.4700 16.316 10.1
28263.5900 16.317 10.1
28273.7200 16.318 10.1
28283.8500 16.319 10.1
28293.9700 16.319 10.1
28304.1000 16.320 10.1
28314.2300 16.321 10.1
28324.3600 16.322 10.1
28334.4800 16.323 10.1
28344.6100 16.323 10.1
28354.7400 16.324 10.1
28364.8600 16.325 10.1
28374.9900 16.326 10.1
28385.1200 16.326 10.1
28395.2400 16.327 10.1
28405.3700 16.328 10.1
28415.5000 16.329 10.1
28425.6300 16.329 10.1
28435.7500 16.330 10.1
28445.8800 16.331 10.1
28456.0100 16.332 10.1
28466.1300 16.332 10.1
28476.2600 16.333 10.1
28486.3900 16.334 10.1
28496.5100 16.335 10.1
28506.6400 16.336 10.1
28516.7700 16.336 10.1
28526.8900 16.337 10.1
28537.0200 16.338 10.1
28547.1500 16.339 10.1
28557.2800 16.339 10.1
28567.4000 16.340 10.1
28577.5300 16.341 10.1
28587.6600 16.342 10.1
28597.7800 16.342 10.1
28607.9100 16.343 10.1
28618.0400 16.344 10.1
28628.1600 16.345 10.1
28638.2900 16.345 10.1
28648.4200 16.346 10.1
28658.5400 16.347 10.1
28668.6700 16.348 10.1
28678.8000 16.348 10.1
28688.9300 16.349 10.1
28699.0500 16.350 10.1
28709.1800 16.351 10.1
28719.3100 16.351 10.1
28729.4300 16.352 10.1
28739.5600 16.353 10.1
28749.6900 16.354 10.1
28759.8100 16.354 10.1
28769.9400 16.355 10.1
28780.0700 16.356 10.1
28790.2000 16.357 10.1
28800.3200 16.358 10.1
28810.4500 16.358 10.1
28820.5800 16.359 10.1
28830.7000 16.360 10.1
28840.8300 16.361 10.1
28850.9600 16.361 10.1
28861.0800 16.362 10.1
28871.2100 16.363 10.1
28881.3400 16.364 10.1
28891.4600 16.364 10.1
28901.5900 16.365 10.1
28911.7200 16.366 10.1
28921.8500 16.367 10.1
28931.9700 16.367 10.1
28942.1000 16.368 10.1
28952.2300 16.369 10.1
28962.3500 16.370 10.1
28972.4800 16.370 10.1
28982.6100 16.371 10.1
28992.7300 16.372 10.1
29002.8600 16.373 10.1
29012.9900 16.373 10.1
29023.1200 16.374 10.1
29033.2400 16.375 10.1
29043.3700 16.376 10.1
29053.5000 16.376 10.1
29063.6200 16.377 10.1
29073.7500 16.378 10.1
29083.8800 16.379 10.1
29094.0000 16.379 10.1
29104.1300 16.380 10.1
29114.2600 16.381 10.1
29124.3800 16.382 10.1
29134.5100 16.382 10.1
29144.6400 16.383 10.1
29154.7700 16.384 10.1
29164.8900 16.384 10.1
29175.0200 16.385 10.1
29185.1500 16.386 10.1
29195.2700 16.387 10.1
29205.4000 16.387 10.1
29215.5300 16.388 10.1
29225.6500 16.389 10.1
29235.7800 16.390 10.1
29245.9100 16.390 10.1
29256.0400 16.391 10.1
29266.1600 16.392 10.1
29276.2900 16.393 10.1
29286.4200 16.393 10.1
29296.5400 16.394 10.1
29306.6700 16.395 10.1
29316.8000 16.396 10.1
29326.9200 16.396 10.1
29337.0500 16.397 10.1
29347.1800 16.398 10.1
29357.3000 16.399 10.1
29367.4300 16.399 10.1
29377.5600 16.400 10.1
29387.6900 16.401 10.1
29397.8100 16.402 10.1
29407.9400 16.402 10.1
29418.0700 16.403 10.1
29428.1900 16.404 10.1
29438.3200 16.405 10.1
29448.4500 16.405 10.1
29458.5700 16.406 10.1
29468.7000 16.407 10.1
29478.8300 16.407 10.1
29488.9600 16.408 10.1
29499.0800 16.409 10.1
29509.2100 16.410 10.1
29519.3400 16.410 10.1
29529.4600 16.411 10.1
29539.5900 16.412 10.1
29549.7200 16.413 10.1
29559.8400 16.413 10.1
29569.9700 16.414 10.1
29580.1000 16.415 10.1
29590.2200 16.416 10.1
29600.3500 16.416 10.1
29610.4800 16.417 10.1
29620.6100 16.418 10.1
29630.7300 16.418 10.1
29640.8600 16.419 10.1
29650.9900 16.420 10.1
29661.1100 16.421 10.1
29671.2400 16.421 10.1
29681.3700 16.422 10.1
29691.4900 16.423 10.1
29701.6200 16.424 10.1
29711.7500 16.424 10.1
29721.8800 16.425 10.1
29732.0000 16.426 10.1
29742.1300 16.427 10.1
29752.2600 16.427 10.1
29762.3800 16.428 10.1
29772.5100 16.429 10.1
29782.6400 16.429 10.1
29792.7600 16.430 10.1
29802.8900 16.431 10.1
29813.0200 16.432 10.1
29823.1400 16.432 10.1
29833.2700 16.433 10.1
29843.4000 16.434 10.1
29853.5300 16.435 10.1
29863.6500 16.435 10.1
29873.7800 16.436 10.1
29883.9100 16.437 10.1
29894.0300 16.437 10.1
29904.1600 16.438 10.1
29914.2900 16.439 10.1
29924.4100 16.440 10.1
29934.5400 16.440 10.1
29944.6700 16.441 10.1
29954.7900 16.442 10.1
29964.9200 16.443 10.1
29975.0500 16.443 10.1
29985.1800 16.444 10.1
29995.3000 16.445 10.1
30000.0000 16.445  4.7
