    900.60    11.170
    909.86     9.427
    919.12     7.984
    928.38     7.146
    937.64     6.786
    946.90     6.647
    956.16     6.526
    965.42     6.515
    974.68     6.455
    983.94     6.368
    993.20     6.403
   1002.46     6.522
   1011.72     6.550
   1020.98     6.469
   1030.24     6.374
   1039.50     6.292
   1048.76     6.303
   1058.02     6.299
   1067.28     6.302
   1076.54     6.327
   1085.80     6.358
   1095.06     6.361
   1104.32     6.319
   1113.58     6.240
   1122.84     6.236
   1132.10     6.310
   1141.36     6.270
   1155.80     6.271
   1157.00     6.264
   1158.20     6.315
   1159.20     6.298
   1160.40     6.284
   1161.60     6.250
   1162.80     6.281
   1164.00     6.300
   1165.20     6.311
   1166.40     6.322
   1167.60     6.289
   1168.80     6.289
   1169.80     6.308
   1171.00     6.324
   1172.20     6.340
   1173.40     6.350
   1174.60     6.357
   1175.80     6.316
   1177.00     6.306
   1178.20     6.308
   1179.40     6.304
   1180.60     6.302
   1181.60     6.283
   1182.80     6.247
   1184.00     6.247
   1185.20     6.288
   1186.40     6.286
   1187.60     6.277
   1188.80     6.325
   1190.00     6.352
   1191.20     6.381
   1192.40     6.382
   1193.40     6.422
   1194.60     6.444
   1195.80     6.461
   1197.00     6.467
   1198.20     6.451
   1199.40     6.473
   1200.60     6.495
   1201.80     6.443
   1203.00     6.426
   1204.20     6.453
   1205.20     6.488
   1206.40     6.513
   1207.60     6.592
   1208.80     6.738
   1210.00     6.875
   1211.20     7.062
   1212.40     7.299
   1213.60     7.542
   1214.80     7.629
   1216.00     7.524
   1217.00     7.299
   1218.20     7.052
   1219.40     6.808
   1220.60     6.656
   1221.80     6.584
   1223.00     6.496
   1224.20     6.453
   1225.40     6.454
   1226.60     6.475
   1227.80     6.497
   1228.80     6.562
   1230.00     6.680
   1231.20     6.859
   1232.40     7.065
   1233.60     7.293
   1234.80     7.469
   1236.00     7.438
   1237.20     7.336
   1238.40     7.138
   1239.60     6.884
   1240.60     6.707
   1241.80     6.549
   1243.00     6.400
   1244.20     6.339
   1245.40     6.345
   1246.60     6.375
   1247.80     6.423
   1249.00     6.460
   1250.20     6.461
   1251.40     6.475
   1252.40     6.464
   1253.60     6.446
   1254.80     6.439
   1256.00     6.429
   1257.20     6.472
   1258.40     6.494
   1259.60     6.477
   1260.80     6.447
   1262.00     6.424
   1263.20     6.392
   1264.20     6.379
   1265.40     6.417
   1266.60     6.414
   1267.80     6.418
   1269.00     6.433
   1270.20     6.440
   1271.40     6.451
   1272.60     6.403
   1273.80     6.387
   1275.00     6.390
   1276.00     6.399
   1277.20     6.385
   1278.40     6.387
   1279.60     6.363
   1280.80     6.374
   1282.00     6.377
   1283.20     6.396
   1284.40     6.382
   1285.60     6.378
   1286.80     6.386
   1287.80     6.374
   1289.00     6.357
   1290.20     6.353
   1291.40     6.350
   1292.60     6.323
   1293.80     6.348
   1295.00     6.331
   1296.20     6.348
   1297.40     6.360
   1298.60     6.396
   1299.60     6.439
   1300.80     6.492
   1302.00     6.525
   1303.20     6.538
   1304.40     6.548
   1305.60     6.510
   1306.80     6.455
   1308.00     6.459
   1309.20     6.459
   1310.40     6.421
   1311.40     6.451
   1312.60     6.453
   1313.80     6.452
   1315.00     6.451
   1316.20     6.459
   1317.40     6.497
   1318.60     6.491
   1319.80     6.474
   1321.00     6.497
   1322.00     6.480
   1323.20     6.480
   1324.40     6.481
   1325.60     6.463
   1326.80     6.467
   1328.00     6.471
   1329.20     6.451
   1330.40     6.482
   1331.60     6.506
   1332.80     6.503
   1333.80     6.533
   1335.00     6.541
   1336.20     6.528
   1337.40     6.505
   1338.60     6.521
   1339.80     6.509
   1341.00     6.496
   1342.20     6.480
   1343.40     6.470
   1344.60     6.498
   1345.60     6.492
   1346.80     6.489
   1348.00     6.490
   1349.20     6.531
   1350.40     6.513
   1351.60     6.502
   1352.80     6.511
   1354.00     6.501
   1355.20     6.510
   1356.40     6.538
   1357.40     6.558
   1358.60     6.573
   1359.80     6.601
   1361.00     6.617
   1362.20     6.627
   1363.40     6.629
   1364.60     6.592
   1365.80     6.536
   1367.00     6.538
   1368.20     6.527
   1369.20     6.553
   1370.40     6.601
   1371.60     6.629
   1372.80     6.635
   1374.00     6.644
   1375.20     6.665
   1376.40     6.642
   1377.60     6.606
   1378.80     6.596
   1380.00     6.568
   1381.00     6.528
   1382.20     6.559
   1383.40     6.603
   1384.60     6.618
   1385.80     6.657
   1387.00     6.673
   1388.20     6.659
   1389.40     6.647
   1390.60     6.653
   1391.80     6.632
   1392.80     6.651
   1394.00     6.682
   1395.20     6.671
   1396.40     6.665
   1397.60     6.627
   1398.80     6.617
   1400.00     6.635
   1401.20     6.650
   1402.40     6.687
   1403.60     6.707
   1404.60     6.691
   1405.80     6.703
   1407.00     6.733
   1408.20     6.751
   1409.40     6.717
   1410.60     6.687
   1411.80     6.639
   1413.00     6.603
   1414.20     6.623
   1415.40     6.612
   1416.40     6.632
   1417.60     6.673
   1418.80     6.679
   1420.00     6.697
   1421.20     6.649
   1422.40     6.623
   1423.60     6.598
   1424.80     6.603
   1426.00     6.595
   1427.20     6.613
   1428.20     6.655
   1429.40     6.649
   1430.60     6.658
   1431.80     6.656
   1433.00     6.577
   1434.20     6.589
   1435.40     6.605
   1436.60     6.600
   1437.80     6.625
   1439.00     6.619
   1440.00     6.644
   1441.20     6.682
   1442.40     6.660
   1443.60     6.672
   1444.80     6.689
   1446.00     6.705
   1447.20     6.705
   1448.40     6.723
   1449.60     6.709
   1450.80     6.706
   1451.80     6.705
   1453.00     6.713
   1454.20     6.728
   1455.40     6.708
   1456.60     6.690
   1457.80     6.685
   1459.00     6.703
   1460.20     6.671
   1461.40     6.658
   1462.60     6.645
   1463.60     6.657
   1464.80     6.643
   1466.00     6.639
   1467.20     6.646
   1468.40     6.645
   1469.60     6.645
   1470.80     6.648
   1472.00     6.642
   1473.20     6.630
   1474.40     6.619
   1475.40     6.595
   1476.60     6.574
   1477.80     6.569
   1479.00     6.583
   1480.20     6.561
   1481.40     6.536
   1482.60     6.561
   1483.80     6.561
   1485.00     6.566
   1486.00     6.566
   1487.20     6.564
   1488.40     6.568
   1489.60     6.542
   1490.80     6.554
   1492.00     6.540
   1493.20     6.554
   1494.40     6.546
   1495.60     6.542
   1496.80     6.555
   1497.80     6.582
   1499.00     6.601
   1500.20     6.616
   1501.40     6.631
   1502.60     6.632
   1503.80     6.619
   1505.00     6.595
   1506.20     6.577
   1507.40     6.560
   1508.60     6.559
   1509.60     6.556
   1510.80     6.566
   1512.00     6.554
   1513.20     6.552
   1514.40     6.546
   1515.60     6.544
   1516.80     6.542
   1518.00     6.553
   1519.20     6.539
   1520.40     6.565
   1521.40     6.574
   1522.60     6.561
   1523.80     6.591
   1525.00     6.620
   1526.20     6.653
   1527.40     6.668
   1528.60     6.677
   1529.80     6.676
   1531.00     6.681
   1532.20     6.675
   1533.20     6.674
   1534.40     6.636
   1535.60     6.622
   1536.80     6.612
   1538.00     6.598
   1539.20     6.588
   1540.40     6.604
   1541.60     6.643
   1542.80     6.662
   1544.00     6.679
   1545.00     6.710
   1546.20     6.725
   1547.40     6.743
   1548.60     6.778
   1549.80     6.787
   1551.00     6.749
   1552.20     6.714
   1553.40     6.697
   1554.60     6.677
   1555.80     6.688
   1556.80     6.681
   1558.00     6.642
   1559.20     6.658
   1560.40     6.663
   1561.60     6.665
   1562.80     6.709
   1564.00     6.716
   1565.20     6.708
   1566.40     6.684
   1567.60     6.679
   1568.60     6.704
   1569.80     6.693
   1571.00     6.689
   1572.20     6.697
   1573.40     6.663
   1574.60     6.678
   1575.80     6.686
   1577.00     6.670
   1578.20     6.653
   1579.40     6.664
   1580.40     6.660
   1581.60     6.669
   1582.80     6.690
   1584.00     6.696
   1585.20     6.706
   1586.40     6.708
   1587.60     6.693
   1588.80     6.685
   1590.00     6.682
   1591.20     6.693
   1592.20     6.705
   1593.40     6.716
   1594.60     6.727
   1595.80     6.728
   1597.00     6.728
   1598.20     6.728
   1599.40     6.734
   1600.60     6.740
   1601.80     6.765
   1603.00     6.767
   1604.00     6.768
   1605.20     6.791
   1606.40     6.812
   1607.60     6.824
   1608.80     6.832
   1610.00     6.856
   1611.20     6.832
   1612.40     6.809
   1613.60     6.816
   1614.80     6.821
   1615.80     6.827
   1617.00     6.824
   1618.20     6.816
   1619.40     6.807
   1620.60     6.806
   1621.80     6.827
   1623.00     6.826
   1624.20     6.819
   1625.40     6.822
   1626.60     6.818
   1627.60     6.799
   1628.80     6.792
   1630.00     6.794
   1631.20     6.786
   1632.40     6.794
   1633.60     6.768
   1634.80     6.788
   1636.00     6.822
   1637.20     6.834
   1638.40     6.861
   1639.40     6.916
   1640.60     6.938
   1641.80     6.922
   1643.00     6.887
   1644.20     6.845
   1645.40     6.791
   1646.60     6.758
   1647.80     6.761
   1649.00     6.751
   1650.00     6.749
   1651.20     6.765
   1652.40     6.762
   1653.60     6.765
   1654.80     6.785
   1656.00     6.781
   1657.20     6.774
   1658.40     6.793
   1659.60     6.795
   1660.80     6.792
   1661.80     6.783
   1663.00     6.789
   1664.20     6.784
   1665.40     6.783
   1666.60     6.768
   1667.80     6.756
   1669.00     6.800
   1670.20     6.833
   1671.40     6.835
   1672.60     6.832
   1673.60     6.818
   1674.80     6.803
   1676.00     6.788
   1677.20     6.773
   1678.40     6.749
   1679.60     6.754
   1680.80     6.762
   1682.00     6.759
   1683.20     6.755
   1684.40     6.745
   1685.40     6.765
   1686.60     6.784
   1687.80     6.766
   1689.00     6.754
   1690.20     6.756
   1691.40     6.758
   1692.60     6.762
   1693.80     6.763
   1695.00     6.764
   1696.20     6.768
   1697.20     6.782
   1698.40     6.797
   1699.60     6.802
   1700.80     6.804
   1702.00     6.798
   1703.20     6.791
   1704.40     6.777
   1705.60     6.772
   1706.80     6.764
   1708.00     6.779
   1709.00     6.791
   1710.20     6.804
   1711.40     6.806
   1712.60     6.808
   1713.80     6.842
   1715.00     6.871
   1716.20     6.908
   1717.40     6.951
   1718.60     6.948
   1719.80     6.922
   1720.80     6.903
   1722.00     6.858
   1723.20     6.851
   1724.40     6.833
   1725.60     6.819
   1726.80     6.819
   1728.00     6.814
   1729.20     6.806
   1730.40     6.798
   1731.60     6.790
   1732.60     6.783
   1733.80     6.778
   1735.00     6.769
   1736.20     6.762
   1737.40     6.761
   1738.60     6.768
   1739.80     6.757
   1741.00     6.742
   1742.20     6.748
   1743.40     6.759
   1744.40     6.764
   1745.60     6.759
   1746.80     6.762
   1748.00     6.777
   1749.20     6.808
   1750.40     6.813
   1751.60     6.800
   1752.80     6.784
   1754.00     6.770
   1755.20     6.758
   1756.20     6.750
   1757.40     6.743
   1758.60     6.738
   1759.80     6.739
   1761.00     6.739
   1762.20     6.734
   1763.40     6.731
   1764.60     6.737
   1765.80     6.755
   1767.00     6.752
   1768.00     6.725
   1769.20     6.728
   1770.40     6.732
   1771.60     6.730
   1772.80     6.744
   1774.00     6.744
   1775.20     6.743
   1776.40     6.751
   1777.60     6.752
   1778.80     6.754
   1779.80     6.761
   1781.00     6.769
   1782.20     6.773
   1783.40     6.767
   1784.60     6.768
   1785.80     6.772
   1787.00     6.777
   1788.20     6.766
   1789.40     6.778
   1790.60     6.787
   1791.60     6.786
   1792.80     6.784
   1794.00     6.786
   1795.20     6.789
   1796.40     6.797
   1797.60     6.805
   1798.80     6.811
   1800.00     6.813
   1801.20     6.802
   1802.40     6.802
   1803.40     6.805
   1804.60     6.822
   1805.80     6.829
   1807.00     6.834
   1808.20     6.821
   1809.40     6.822
   1810.60     6.807
   1811.80     6.803
   1813.00     6.794
   1814.00     6.786
   1815.20     6.770
   1816.40     6.766
   1817.60     6.764
   1818.80     6.767
   1820.00     6.763
   1821.20     6.769
   1822.40     6.777
   1823.60     6.797
   1824.80     6.803
   1825.80     6.803
   1827.00     6.794
   1828.20     6.795
   1829.40     6.795
   1830.60     6.797
   1831.80     6.797
   1833.00     6.805
   1834.20     6.813
   1835.40     6.825
   1836.60     6.827
   1837.60     6.825
   1838.80     6.825
   1840.00     6.826
   1841.20     6.838
   1842.40     6.836
   1843.60     6.830
   1844.80     6.837
   1846.00     6.838
   1847.20     6.835
   1848.40     6.831
   1849.40     6.840
   1850.60     6.846
   1851.80     6.849
   1853.00     6.864
   1854.20     6.867
   1855.40     6.859
   1856.60     6.857
   1857.80     6.866
   1859.00     6.856
   1860.20     6.850
   1861.20     6.847
   1862.40     6.845
   1863.60     6.844
   1864.80     6.840
   1866.00     6.835
   1867.20     6.835
   1868.40     6.827
   1869.60     6.819
   1870.80     6.821
   1872.00     6.828
   1873.00     6.839
   1874.20     6.853
   1875.40     6.847
   1876.60     6.838
   1877.80     6.832
   1879.00     6.833
   1880.20     6.839
   1881.40     6.842
   1882.60     6.857
   1883.80     6.862
   1884.80     6.871
   1886.00     6.878
   1887.20     6.880
   1888.40     6.869
   1889.60     6.866
   1890.80     6.861
   1892.00     6.853
   1893.20     6.848
   1894.40     6.841
   1895.60     6.837
   1896.60     6.839
   1897.80     6.852
   1899.00     6.862
   1900.20     6.873
   1901.40     6.888
   1902.60     6.888
   1903.80     6.890
   1905.00     6.899
   1906.20     6.914
   1907.40     6.922
   1908.40     6.916
   1909.60     6.908
   1910.80     6.901
   1912.00     6.899
   1913.20     6.901
   1914.40     6.901
   1915.60     6.901
   1916.80     6.894
   1918.00     6.893
   1919.20     6.897
   1920.20     6.895
   1921.40     6.891
   1922.60     6.881
   1923.80     6.880
   1925.00     6.881
   1926.20     6.887
   1927.40     6.890
   1928.60     6.892
   1929.80     6.880
   1931.00     6.874
   1932.00     6.881
   1933.20     6.915
   1934.40     6.907
   1935.60     6.901
   1936.80     6.901
   1938.00     6.889
   1939.20     6.894
   1940.40     6.891
   1941.60     6.891
   1942.80     6.895
   1943.80     6.905
   1945.00     6.916
   1946.20     6.921
   1947.40     6.917
   1948.60     6.907
   1949.80     6.908
   1951.00     6.916
   1952.20     6.916
   1953.40     6.905
   1954.60     6.894
   1955.60     6.890
   1956.80     6.886
   1958.00     6.914
   1959.20     6.909
   1960.40     6.906
   1961.60     6.905
   1962.80     6.903
   1964.00     6.897
   1965.20     6.898
   1966.20     6.905
   1967.40     6.914
   1968.60     6.918
   1969.80     6.918
   1970.20     6.906
   1972.00     6.868
   1973.80     6.853
   1975.80     6.819
   1977.60     6.887
   1979.40     6.959
   1981.40     6.837
   1983.20     6.784
   1985.00     6.866
   1987.00     6.866
   1988.80     6.868
   1990.60     6.924
   1992.60     6.942
   1994.40     6.862
   1996.20     6.861
   1998.20     6.912
   2000.00     6.854
   2001.80     6.873
   2003.80     6.872
   2005.60     6.872
   2007.40     6.900
   2009.40     6.949
   2011.20     6.909
   2013.20     6.886
   2015.00     6.871
   2016.80     6.870
   2018.80     6.922
   2020.60     6.982
   2022.40     6.859
   2024.40     6.855
   2026.20     6.866
   2028.00     6.931
   2030.00     6.949
   2031.80     6.911
   2033.60     6.909
   2035.60     6.903
   2037.40     6.955
   2039.20     7.017
   2041.20     6.906
   2043.00     6.858
   2044.80     6.896
   2046.80     6.886
   2048.60     6.871
   2050.40     6.893
   2052.40     6.927
   2054.20     6.957
   2056.00     6.856
   2058.00     6.788
   2059.80     6.810
   2061.80     6.917
   2063.60     6.965
   2065.40     6.935
   2067.40     6.941
   2069.20     6.960
   2071.00     6.960
   2073.00     6.942
   2074.80     6.927
   2076.60     6.907
   2078.60     6.897
   2080.40     6.894
   2082.20     6.909
   2084.20     6.888
   2086.00     6.923
   2087.80     6.947
   2089.80     6.954
   2091.60     6.917
   2093.40     6.980
   2095.40     6.992
   2097.20     6.933
   2099.00     6.948
   2101.00     6.985
   2102.80     6.996
   2104.80     7.012
   2106.60     7.020
   2108.40     6.940
   2110.40     6.872
   2112.20     6.921
   2114.00     6.963
   2116.00     6.937
   2117.80     6.992
   2119.60     6.918
   2121.60     6.876
   2123.40     6.943
   2125.20     6.935
   2127.20     6.843
   2129.00     6.878
   2130.80     6.960
   2132.80     7.018
   2134.60     6.995
   2136.40     6.942
   2138.40     6.969
   2140.20     6.985
   2142.00     6.944
   2144.00     6.947
   2145.80     7.003
   2147.60     7.039
   2149.60     7.025
   2151.40     6.981
   2153.40     6.995
   2155.20     7.012
   2157.00     6.937
   2159.00     6.922
   2160.80     6.996
   2162.60     7.035
   2164.60     6.994
   2166.40     7.027
   2168.20     7.038
   2170.20     6.990
   2172.00     7.012
   2173.80     6.997
   2175.80     6.949
   2177.60     6.928
   2179.40     6.988
   2181.40     7.008
   2183.20     6.956
   2185.00     6.948
   2187.00     6.988
   2188.80     7.080
   2190.60     7.165
   2192.60     7.068
   2194.40     7.043
   2196.20     6.980
   2198.20     6.887
   2200.00     6.943
   2202.00     6.966
   2203.80     6.930
   2205.60     6.920
   2207.60     6.902
   2209.40     6.961
   2211.20     7.023
   2213.20     7.064
   2215.00     7.057
   2216.80     7.033
   2218.80     7.069
   2220.60     7.083
   2222.40     7.026
   2224.40     6.967
   2226.20     6.957
   2228.00     7.012
   2230.00     6.964
   2231.80     6.919
   2233.60     6.923
   2235.60     6.970
   2237.40     6.991
   2239.20     6.962
   2241.20     7.000
   2243.00     7.007
   2245.00     6.995
   2246.80     6.964
   2248.60     6.954
   2250.60     7.057
   2252.40     7.086
   2254.20     7.012
   2256.20     7.006
   2258.00     7.007
   2259.80     6.980
   2261.80     6.978
   2263.60     6.987
   2265.40     6.963
   2267.40     6.904
   2269.20     6.933
   2271.00     6.974
   2273.00     6.926
   2274.80     6.907
   2276.60     6.917
   2278.60     7.013
   2280.40     6.992
   2282.20     6.959
   2284.20     6.945
   2286.00     6.936
   2287.80     6.977
   2289.80     7.019
   2291.60     7.028
   2293.60     6.987
   2295.40     6.970
   2297.20     6.970
   2299.20     7.016
   2301.00     7.045
   2302.80     7.045
   2304.80     7.068
   2306.60     7.129
   2308.40     7.112
   2310.40     7.100
   2312.20     7.060
   2314.00     7.021
   2316.00     6.975
   2317.80     6.941
   2319.60     6.966
   2321.60     6.974
   2323.40     6.944
   2325.20     6.912
   2327.20     6.942
   2329.00     6.974
   2330.80     6.948
   2332.80     6.955
   2334.60     6.958
   2336.40     6.963
   2338.40     6.946
   2340.20     6.966
   2342.20     7.000
   2344.00     7.026
   2345.80     7.047
   2347.80     7.025
   2349.60     6.968
   2351.40     6.946
   2353.40     6.969
   2355.20     7.001
   2357.00     6.972
   2359.00     6.938
   2360.80     6.923
   2362.60     6.966
   2364.60     6.992
   2366.40     6.972
   2368.20     6.995
   2370.20     7.032
   2372.00     7.037
   2373.80     7.031
   2375.80     7.005
   2377.60     7.037
   2379.40     7.081
   2381.40     7.042
   2383.20     7.054
   2385.20     7.179
   2387.00     7.186
   2388.80     7.130
   2390.80     7.114
   2392.60     7.075
   2394.40     7.017
   2396.40     6.988
   2398.20     7.022
   2400.00     7.051
   2402.00     7.018
   2403.80     7.022
   2405.60     7.036
   2407.60     7.005
   2409.40     6.999
   2411.20     6.986
   2413.20     6.988
   2415.00     7.016
   2416.80     7.037
   2418.80     7.008
   2420.60     7.019
   2422.40     7.033
   2424.40     7.035
   2426.20     7.009
   2428.00     6.996
   2430.00     6.999
   2431.80     7.017
   2433.80     7.014
   2435.60     7.030
   2437.40     7.026
   2439.40     7.012
   2441.20     6.994
   2443.00     7.006
   2445.00     7.004
   2446.80     6.998
   2448.60     7.038
   2450.60     7.031
   2452.40     6.976
   2454.20     6.990
   2456.20     7.040
   2458.00     7.056
   2459.80     7.029
   2461.80     7.023
   2463.60     7.034
   2465.40     7.050
   2467.40     7.042
   2469.20     7.031
   2471.00     7.063
   2473.00     7.047
   2474.80     7.023
   2476.60     7.025
   2478.60     7.047
   2480.40     7.057
   2482.40     7.078
   2484.20     7.082
   2486.00     7.055
   2488.00     7.024
   2489.80     7.033
   2491.60     7.044
   2493.60     7.044
   2495.40     7.044
   2497.20     7.060
   2499.20     7.078
   2501.00     7.048
   2502.80     7.037
   2504.80     7.065
   2506.60     7.103
   2508.40     7.148
   2510.40     7.183
   2512.20     7.234
   2514.00     7.230
   2516.00     7.206
   2517.80     7.119
   2519.60     7.088
   2521.60     7.103
   2523.40     7.121
   2525.40     7.094
   2527.20     7.064
   2529.00     7.085
   2531.00     7.102
   2532.80     7.083
   2534.60     7.076
   2536.60     7.072
   2538.40     7.044
   2540.20     7.071
   2542.20     7.081
   2544.00     7.067
   2545.80     7.067
   2547.80     7.053
   2549.60     7.030
   2551.40     7.034
   2553.40     7.063
   2555.20     7.082
   2557.00     7.083
   2559.00     7.099
   2560.80     7.108
   2562.60     7.069
   2564.60     7.072
   2566.40     7.054
   2568.20     7.040
   2570.20     7.062
   2572.00     7.103
   2574.00     7.125
   2575.80     7.128
   2577.60     7.141
   2579.60     7.138
   2581.40     7.122
   2583.20     7.129
   2585.20     7.171
   2587.00     7.208
   2588.80     7.205
   2590.80     7.168
   2592.60     7.159
   2594.40     7.176
   2596.40     7.186
   2598.20     7.192
   2600.00     7.231
   2602.00     7.246
   2603.80     7.213
   2605.60     7.171
   2607.60     7.150
   2609.40     7.156
   2611.20     7.161
   2613.20     7.163
   2615.00     7.151
   2616.80     7.149
   2618.80     7.157
   2620.60     7.160
   2622.60     7.146
   2624.40     7.138
   2626.20     7.135
   2628.20     7.120
   2630.00     7.101
   2631.80     7.108
   2633.80     7.145
   2635.60     7.166
   2637.40     7.165
   2639.40     7.174
   2641.20     7.219
   2643.00     7.218
   2645.00     7.193
   2646.80     7.208
   2648.60     7.216
   2650.60     7.186
   2652.40     7.147
   2654.20     7.137
   2656.20     7.176
   2658.00     7.188
   2659.80     7.169
   2661.80     7.178
   2663.60     7.183
   2665.60     7.181
   2667.40     7.178
   2669.20     7.178
   2671.20     7.176
   2673.00     7.184
   2674.80     7.193
   2676.80     7.193
   2678.60     7.202
   2680.40     7.214
   2682.40     7.202
   2684.20     7.175
   2686.00     7.173
   2688.00     7.182
   2689.80     7.196
   2691.60     7.185
   2693.60     7.157
   2695.40     7.156
   2697.20     7.175
   2699.20     7.170
   2701.00     7.155
   2702.80     7.139
   2704.80     7.148
   2706.60     7.175
   2708.40     7.181
   2710.40     7.180
   2712.20     7.173
   2714.20     7.175
   2716.00     7.187
   2717.80     7.187
   2719.80     7.202
   2721.60     7.220
   2723.40     7.234
   2725.40     7.233
   2727.20     7.235
   2729.00     7.251
   2731.00     7.292
   2732.80     7.331
   2734.60     7.337
   2736.60     7.327
   2738.40     7.295
   2740.20     7.262
   2742.20     7.233
   2744.00     7.226
   2745.80     7.212
   2747.80     7.209
   2749.60     7.200
   2751.40     7.191
   2753.40     7.199
   2755.20     7.211
   2757.00     7.201
   2759.00     7.199
   2760.80     7.209
   2762.80     7.238
   2764.60     7.239
   2766.40     7.232
   2768.40     7.229
   2770.20     7.247
   2772.00     7.254
   2774.00     7.257
   2775.80     7.261
   2777.60     7.272
   2779.60     7.284
   2781.40     7.283
   2783.20     7.275
   2785.20     7.279
   2787.00     7.273
   2788.80     7.279
   2790.80     7.300
   2792.60     7.326
   2794.40     7.350
   2796.40     7.387
   2798.20     7.403
   2800.00     7.392
   2802.00     7.376
   2803.80     7.376
   2805.80     7.359
   2807.60     7.323
   2809.40     7.286
   2811.40     7.268
   2813.20     7.258
   2815.00     7.247
   2817.00     7.232
   2818.80     7.241
   2820.60     7.235
   2822.60     7.234
   2824.40     7.259
   2826.20     7.279
   2828.20     7.261
   2830.00     7.272
   2831.80     7.257
   2833.80     7.246
   2835.60     7.237
   2837.40     7.244
   2839.40     7.243
   2841.20     7.240
   2843.00     7.252
   2845.00     7.262
   2846.80     7.268
   2848.60     7.260
   2850.60     7.286
   2852.40     7.315
   2854.40     7.309
   2856.20     7.303
   2858.00     7.282
   2860.00     7.282
   2861.80     7.287
   2863.60     7.288
   2865.60     7.292
   2867.40     7.289
   2869.20     7.285
   2871.20     7.281
   2873.00     7.289
   2874.80     7.296
   2876.80     7.291
   2878.60     7.299
   2880.40     7.307
   2882.40     7.308
   2884.20     7.320
   2886.00     7.315
   2888.00     7.297
   2889.80     7.293
   2891.60     7.300
   2893.60     7.308
   2895.40     7.318
   2897.20     7.315
   2899.20     7.316
   2901.00     7.325
   2903.00     7.315
   2904.80     7.314
   2906.60     7.320
   2908.60     7.336
   2910.40     7.328
   2912.20     7.325
   2914.20     7.327
   2916.00     7.341
   2917.80     7.349
   2919.80     7.340
   2921.60     7.330
   2923.40     7.333
   2925.40     7.347
   2927.20     7.352
   2929.00     7.351
   2931.00     7.335
   2932.80     7.327
   2934.60     7.343
   2936.60     7.352
   2938.40     7.333
   2940.20     7.325
   2942.20     7.325
   2944.00     7.344
   2946.00     7.354
   2947.80     7.359
   2949.60     7.360
   2951.60     7.365
   2953.40     7.349
   2955.20     7.338
   2957.20     7.333
   2959.00     7.345
   2960.80     7.356
   2962.80     7.383
   2964.60     7.388
   2966.40     7.378
   2968.40     7.344
   2970.20     7.346
   2972.00     7.344
   2974.00     7.363
   2975.80     7.357
   2977.60     7.348
   2979.60     7.332
   2981.40     7.327
   2983.20     7.334
   2985.20     7.322
   2987.00     7.318
   2988.80     7.319
   2990.80     7.335
   2992.60     7.359
   2994.60     7.390
   2996.40     7.359
   2998.20     7.331
   3000.20     7.338
   3002.00     7.346
   3003.80     7.349
   3005.80     7.353
   3007.60     7.365
   3009.40     7.353
   3011.40     7.341
   3013.20     7.350
   3015.00     7.340
   3017.00     7.321
   3018.80     7.317
   3020.60     7.323
   3022.60     7.346
   3024.40     7.361
   3026.20     7.355
   3028.20     7.342
   3030.00     7.339
   3031.80     7.329
   3033.80     7.336
   3035.60     7.340
   3037.40     7.330
   3039.40     7.315
   3041.20     7.310
   3043.20     7.301
   3045.00     7.321
   3046.80     7.333
   3048.80     7.341
   3050.60     7.362
   3052.40     7.369
   3054.40     7.357
   3056.20     7.347
   3058.00     7.351
   3060.00     7.360
   3061.80     7.396
   3063.60     7.405
   3065.60     7.385
   3067.40     7.350
   3069.20     7.344
   3071.20     7.354
   3073.00     7.363
   3074.80     7.370
   3076.80     7.372
   3078.60     7.389
   3080.40     7.404
   3082.40     7.392
   3084.20     7.368
   3086.20     7.391
   3088.00     7.405
   3089.80     7.371
   3091.80     7.348
   3093.60     7.377
   3095.40     7.411
   3097.40     7.433
   3099.20     7.415
   3101.00     7.385
   3103.00     7.373
   3104.80     7.358
   3106.60     7.351
   3108.60     7.356
   3110.40     7.370
   3112.20     7.396
   3114.20     7.415
   3116.00     7.416
   3117.80     7.383
   3119.80     7.381
   3121.60     7.376
   3123.40     7.371
   3125.40     7.394
   3127.20     7.407
   3129.00     7.380
   3131.00     7.365
   3132.80     7.370
   3134.80     7.375
   3136.60     7.384
   3138.40     7.391
   3140.40     7.400
   3142.20     7.409
   3144.00     7.414
   3146.00     7.424
   3147.80     7.412
   3149.60     7.409
   3151.60     7.389
   3153.40     7.374
   3155.20     7.374
   3157.20     7.374
   3159.00     7.381
   3160.80     7.389
   3162.80     7.409
   3164.60     7.399
   3166.40     7.394
   3168.40     7.400
   3170.20     7.415
   3172.00     7.423
   3174.00     7.434
   3175.80     7.454
   3177.60     7.459
   3179.60     7.462
   3181.40     7.446
   3183.40     7.417
   3185.20     7.409
   3187.00     7.406
   3189.00     7.393
   3190.80     7.396
   3192.60     7.393
   3194.60     7.384
   3196.40     7.390
   3198.20     7.452
   3205.30     7.482
   3210.65     7.485
   3216.01     7.487
   3221.38     7.488
   3226.75     7.489
   3232.14     7.490
   3237.53     7.492
   3242.94     7.496
   3248.35     7.500
   3253.77     7.504
   3259.20     7.508
   3264.64     7.511
   3270.09     7.513
   3275.55     7.515
   3281.02     7.517
   3286.50     7.519
   3291.98     7.522
   3297.48     7.525
   3302.98     7.527
   3308.50     7.530
   3314.02     7.533
   3319.55     7.536
   3325.09     7.539
   3330.64     7.542
   3336.20     7.545
   3341.77     7.548
   3347.35     7.550
   3352.93     7.552
   3358.53     7.554
   3364.14     7.556
   3369.75     7.558
   3375.38     7.561
   3381.01     7.563
   3386.66     7.565
   3392.31     7.568
   3397.97     7.571
   3403.64     7.573
   3409.32     7.576
   3415.01     7.579
   3420.72     7.581
   3426.43     7.583
   3432.15     7.585
   3437.87     7.588
   3443.61     7.590
   3449.36     7.592
   3455.12     7.595
   3460.89     7.597
   3466.66     7.600
   3472.45     7.602
   3478.25     7.604
   3484.05     7.607
   3489.87     7.609
   3495.69     7.612
   3501.53     7.614
   3507.37     7.617
   3513.23     7.620
   3519.09     7.622
   3524.97     7.625
   3530.85     7.627
   3536.74     7.630
   3542.65     7.633
   3548.56     7.637
   3554.48     7.640
   3560.42     7.644
   3566.36     7.647
   3572.31     7.650
   3578.27     7.653
   3584.25     7.656
   3590.23     7.659
   3596.22     7.662
   3602.23     7.664
   3608.24     7.667
   3614.26     7.670
   3620.29     7.673
   3626.34     7.676
   3632.39     7.679
   3638.46     7.681
   3644.53     7.683
   3650.61     7.684
   3656.71     7.685
   3662.81     7.687
   3668.92     7.690
   3675.05     7.693
   3681.18     7.696
   3687.33     7.699
   3693.48     7.708
   3699.65     7.717
   3705.82     7.727
   3712.01     7.736
   3718.20     7.733
   3724.41     7.730
   3730.63     7.727
   3736.85     7.724
   3743.09     7.733
   3749.34     7.743
   3755.60     7.754
   3761.87     7.764
   3768.15     7.754
   3774.44     7.744
   3780.74     7.734
   3787.05     7.724
   3793.37     7.720
   3799.70     7.716
   3806.04     7.712
   3812.40     7.710
   3818.76     7.721
   3825.14     7.733
   3831.52     7.745
   3837.92     7.753
   3844.32     7.739
   3850.74     7.724
   3857.17     7.710
   3863.60     7.705
   3870.05     7.727
   3876.51     7.750
   3882.98     7.773
   3889.47     7.781
   3895.96     7.763
   3902.46     7.745
   3908.98     7.728
   3915.50     7.720
   3922.04     7.722
   3928.58     7.724
   3935.14     7.725
   3941.71     7.742
   3948.29     7.765
   3954.88     7.789
   3961.48     7.814
   3968.09     7.801
   3974.72     7.785
   3981.35     7.769
   3988.00     7.756
   3994.65     7.757
   4001.32     7.758
   4008.00     7.759
   4014.69     7.761
   4021.39     7.766
   4028.10     7.770
   4034.83     7.775
   4041.56     7.777
   4048.31     7.779
   4055.07     7.780
   4061.84     7.781
   4068.62     7.790
   4075.41     7.799
   4082.21     7.808
   4089.02     7.819
   4095.85     7.834
   4102.69     7.850
   4109.54     7.867
   4116.40     7.862
   4123.27     7.845
   4130.15     7.828
   4137.04     7.812
   4143.95     7.814
   4150.87     7.816
   4157.79     7.818
   4164.73     7.821
   4171.69     7.824
   4178.65     7.828
   4185.62     7.831
   4192.61     7.834
   4199.61     7.837
   4206.62     7.840
   4213.64     7.843
   4220.67     7.845
   4227.72     7.848
   4234.78     7.851
   4241.85     7.854
   4248.93     7.858
   4256.02     7.862
   4263.12     7.866
   4270.24     7.869
   4277.37     7.872
   4284.51     7.875
   4291.66     7.879
   4298.82     7.883
   4306.00     7.888
   4313.19     7.895
   4320.38     7.921
   4327.60     7.947
   4334.82     7.974
   4342.06     7.968
   4349.30     7.947
   4356.56     7.927
   4363.84     7.913
   4371.12     7.915
   4378.42     7.918
   4385.73     7.921
   4393.04     7.923
   4400.38     7.925
   4407.72     7.926
   4415.08     7.929
   4422.45     7.931
   4429.83     7.934
   4437.23     7.936
   4444.63     7.941
   4452.05     7.945
   4459.48     7.950
   4466.93     7.952
   4474.38     7.953
   4481.85     7.954
   4489.33     7.956
   4496.83     7.959
   4504.33     7.962
   4511.85     7.965
   4519.38     7.969
   4526.93     7.973
   4534.48     7.977
   4542.05     7.980
   4549.63     7.982
   4557.23     7.984
   4564.84     7.986
   4572.46     7.989
   4580.09     7.992
   4587.73     7.995
   4595.39     7.998
   4603.06     8.001
   4610.75     8.005
   4618.44     8.012
   4626.15     8.021
   4633.87     8.029
   4641.61     8.034
   4649.35     8.037
   4657.12     8.039
   4664.89     8.041
   4672.68     8.043
   4680.48     8.044
   4688.29     8.046
   4696.12     8.045
   4703.95     8.045
   4711.81     8.045
   4719.67     8.047
   4727.55     8.048
   4735.44     8.050
   4743.34     8.052
   4751.26     8.055
   4759.19     8.058
   4767.14     8.061
   4775.09     8.064
   4783.06     8.068
   4791.05     8.071
   4799.05     8.075
   4807.06     8.079
   4815.08     8.082
   4823.12     8.085
   4831.17     8.089
   4839.23     8.099
   4847.31     8.126
   4855.40     8.155
   4863.51     8.174
   4871.62     8.151
   4879.76     8.129
   4887.90     8.110
   4896.06     8.114
   4904.23     8.118
   4912.42     8.122
   4920.62     8.123
   4928.83     8.125
   4937.06     8.126
   4945.30     8.129
   4953.56     8.132
   4961.83     8.135
   4970.11     8.138
   4978.40     8.141
   4986.71     8.144
   4995.04     8.148
   5003.38     8.152
   5011.73     8.157
   5020.09     8.161
   5028.47     8.164
   5036.87     8.167
   5045.27     8.169
   5053.69     8.171
   5062.13     8.173
   5070.58     8.176
   5079.04     8.178
   5087.52     8.181
   5096.01     8.185
   5104.52     8.188
   5113.04     8.191
   5121.58     8.194
   5130.12     8.197
   5138.69     8.200
   5147.27     8.203
   5155.86     8.206
   5164.46     8.209
   5173.08     8.212
   5181.72     8.215
   5190.37     8.218
   5199.03     8.222
   5207.71     8.225
   5216.40     8.228
   5225.11     8.231
   5233.83     8.234
   5242.57     8.238
   5251.32     8.241
   5260.08     8.244
   5268.87     8.247
   5277.66     8.250
   5286.47     8.253
   5295.29     8.256
   5304.13     8.259
   5312.99     8.262
   5321.85     8.265
   5330.74     8.268
   5339.64     8.271
   5348.55     8.274
   5357.48     8.277
   5366.42     8.280
   5375.38     8.284
   5384.35     8.287
   5393.34     8.291
   5402.34     8.295
   5411.36     8.299
   5420.39     8.302
   5429.44     8.306
   5438.50     8.308
   5447.58     8.310
   5456.67     8.313
   5465.78     8.315
   5474.90     8.318
   5484.04     8.321
   5493.20     8.324
   5502.37     8.327
   5511.55     8.330
   5520.75     8.334
   5529.97     8.337
   5539.20     8.340
   5548.44     8.343
   5557.71     8.347
   5566.98     8.350
   5576.27     8.353
   5585.58     8.356
   5594.91     8.359
   5604.25     8.362
   5613.60     8.365
   5622.97     8.368
   5632.36     8.371
   5641.76     8.375
   5651.17     8.379
   5660.61     8.383
   5670.06     8.386
   5679.52     8.390
   5689.00     8.392
   5698.50     8.394
   5708.01     8.397
   5717.54     8.399
   5727.08     8.402
   5736.64     8.405
   5746.22     8.408
   5755.81     8.411
   5765.42     8.414
   5775.04     8.417
   5784.68     8.420
   5794.34     8.424
   5804.01     8.427
   5813.70     8.431
   5823.40     8.435
   5833.12     8.439
   5842.86     8.443
   5852.61     8.447
   5862.38     8.452
   5872.17     8.456
   5881.97     8.459
   5891.79     8.460
   5901.62     8.462
   5911.47     8.464
   5921.34     8.466
   5931.22     8.469
   5941.12     8.472
   5951.04     8.475
   5960.97     8.479
   5970.92     8.482
   5980.89     8.485
   5990.87     8.489
   6000.87     8.493
   6010.89     8.496
   6020.92     8.500
   6030.97     8.503
   6041.04     8.506
   6051.12     8.508
   6061.23     8.511
   6071.34     8.514
   6081.48     8.517
   6091.63     8.520
   6101.80     8.524
   6111.98     8.527
   6122.19     8.530
   6132.40     8.534
   6142.64     8.536
   6152.89     8.539
   6163.16     8.542
   6173.45     8.545
   6183.76     8.549
   6194.08     8.552
   6204.42     8.555
   6214.77     8.559
   6225.15     8.562
   6235.54     8.565
   6245.95     8.569
   6256.37     8.572
   6266.82     8.576
   6277.28     8.579
   6287.75     8.582
   6298.25     8.585
   6308.76     8.587
   6319.29     8.590
   6329.84     8.593
   6340.41     8.596
   6350.99     8.599
   6361.59     8.602
   6372.21     8.605
   6382.85     8.608
   6393.50     8.612
   6404.17     8.615
   6414.87     8.618
   6425.57     8.622
   6436.30     8.625
   6447.04     8.628
   6457.80     8.631
   6468.58     8.634
   6479.38     8.638
   6490.20     8.641
   6501.03     8.645
   6511.88     8.649
   6522.75     8.652
   6533.64     8.661
   6544.54     8.672
   6555.47     8.683
   6566.41     8.694
   6577.37     8.701
   6588.35     8.696
   6599.35     8.692
   6610.36     8.687
   6621.40     8.682
   6632.45     8.684
   6643.52     8.688
   6654.61     8.693
   6665.72     8.697
   6676.85     8.702
   6687.99     8.704
   6699.15     8.706
   6710.34     8.708
   6721.54     8.711
   6732.76     8.713
   6744.00     8.716
   6755.25     8.719
   6766.53     8.722
   6777.82     8.725
   6789.14     8.728
   6800.47     8.731
   6811.82     8.734
   6823.19     8.737
   6834.58     8.741
   6845.99     8.744
   6857.42     8.748
   6868.86     8.752
   6880.33     8.755
   6891.81     8.758
   6903.32     8.761
   6914.84     8.764
   6926.38     8.767
   6937.94     8.770
   6949.52     8.773
   6961.12     8.776
   6972.75     8.780
   6984.38     8.783
   6996.04     8.786
   7007.72     8.789
   7019.42     8.792
   7031.13     8.796
   7042.87     8.800
   7054.63     8.805
   7066.40     8.809
   7078.20     8.813
   7090.01     8.816
   7101.85     8.818
   7113.70     8.821
   7125.58     8.824
   7137.47     8.827
   7149.38     8.829
   7161.32     8.833
   7173.27     8.836
   7185.25     8.839
   7197.24     8.842
   7209.25     8.846
   7221.29     8.849
   7233.34     8.853
   7245.42     8.856
   7257.51     8.859
   7269.62     8.862
   7281.76     8.865
   7293.91     8.868
   7306.09     8.871
   7318.28     8.874
   7330.50     8.878
   7342.73     8.881
   7354.99     8.884
   7367.27     8.887
   7379.57     8.890
   7391.88     8.894
   7404.22     8.897
   7416.58     8.900
   7428.96     8.904
   7441.36     8.907
   7453.78     8.911
   7466.23     8.914
   7478.69     8.917
   7491.17     8.921
   7503.68     8.924
   7516.20     8.927
   7528.75     8.931
   7541.31     8.934
   7553.90     8.938
   7566.51     8.941
   7579.14     8.944
   7591.79     8.947
   7604.46     8.950
   7617.16     8.954
   7629.87     8.957
   7642.61     8.960
   7655.37     8.963
   7668.15     8.967
   7680.94     8.970
   7693.77     8.973
   7706.61     8.976
   7719.47     8.979
   7732.36     8.983
   7745.26     8.986
   7758.19     8.989
   7771.14     8.992
   7784.12     8.996
   7797.11     8.999
   7810.12     9.002
   7823.16     9.005
   7836.22     9.009
   7849.30     9.012
   7862.40     9.015
   7875.52     9.018
   7888.67     9.022
   7901.84     9.025
   7915.03     9.028
   7928.24     9.032
   7941.47     9.035
   7954.73     9.038
   7968.01     9.041
   7981.31     9.045
   7994.63     9.048
   8007.98     9.051
   8021.34     9.054
   8034.73     9.058
   8048.14     9.061
   8061.58     9.064
   8075.03     9.068
   8088.51     9.071
   8102.02     9.075
   8115.54     9.078
   8129.08     9.082
   8142.65     9.085
   8156.25     9.088
   8169.86     9.092
   8183.50     9.095
   8197.16     9.098
   8210.84     9.101
   8224.55     9.105
   8238.27     9.108
   8252.03     9.112
   8265.80     9.115
   8279.60     9.118
   8293.42     9.121
   8307.26     9.124
   8321.13     9.127
   8335.02     9.130
   8348.93     9.133
   8362.87     9.136
   8376.83     9.139
   8390.81     9.142
   8404.82     9.146
   8418.84     9.149
   8432.90     9.152
   8446.97     9.155
   8461.07     9.159
   8475.20     9.163
   8489.34     9.167
   8503.51     9.171
   8517.71     9.175
   8531.93     9.179
   8546.17     9.183
   8560.43     9.186
   8574.72     9.190
   8589.04     9.194
   8603.37     9.197
   8617.73     9.201
   8632.12     9.205
   8646.53     9.209
   8660.96     9.212
   8675.42     9.214
   8689.90     9.217
   8704.40     9.220
   8718.93     9.223
   8733.49     9.225
   8748.06     9.228
   8762.67     9.232
   8777.29     9.235
   8791.95     9.239
   8806.62     9.243
   8821.32     9.247
   8836.04     9.251
   8850.79     9.254
   8865.57     9.255
   8880.37     9.255
   8895.19     9.255
   8910.04     9.256
   8924.91     9.256
   8939.81     9.256
   8954.73     9.258
   8969.68     9.265
   8984.65     9.271
   8999.65     9.277
   9014.67     9.283
   9029.72     9.290
   9044.79     9.296
   9059.89     9.298
   9075.01     9.299
   9090.16     9.299
   9105.33     9.299
   9120.53     9.299
   9135.75     9.299
   9151.00     9.299
   9166.28     9.307
   9181.58     9.314
   9196.91     9.321
   9212.26     9.328
   9227.63     9.336
   9243.04     9.343
   9258.47     9.347
   9273.92     9.346
   9289.40     9.346
   9304.91     9.345
   9320.44     9.345
   9336.00     9.345
   9351.58     9.345
   9367.19     9.348
   9382.83     9.351
   9398.49     9.354
   9414.18     9.357
   9429.89     9.360
   9445.63     9.364
   9461.40     9.370
   9477.19     9.377
   9493.01     9.385
   9508.86     9.392
   9524.73     9.400
   9540.63     9.408
   9556.55     9.412
   9572.50     9.411
   9588.48     9.410
   9604.49     9.409
   9620.52     9.409
   9636.58     9.408
   9652.66     9.408
   9668.78     9.411
   9684.92     9.414
   9701.08     9.417
   9717.27     9.421
   9733.49     9.424
   9749.74     9.427
   9766.02     9.431
   9782.32     9.434
   9798.65     9.438
   9815.00     9.441
   9831.39     9.444
   9847.80     9.448
   9864.23     9.451
   9880.70     9.455
   9897.19     9.458
   9913.71     9.462
   9930.26     9.465
   9946.84     9.469
   9963.44     9.476
   9980.07     9.484
   9996.73     9.492
  10013.42     9.500
  10030.13     9.508
  10046.87     9.516
  10063.64     9.517
  10080.44     9.516
  10097.27     9.516
  10114.12     9.515
  10131.01     9.514
  10147.92     9.513
  10164.86     9.516
  10181.82     9.518
  10198.82     9.521
  10215.84     9.524
  10232.90     9.527
  10249.98     9.529
  10267.09     9.533
  10284.22     9.537
  10301.39     9.540
  10318.59     9.544
  10335.81     9.548
  10353.06     9.551
  10370.34     9.554
  10387.65     9.557
  10404.99     9.561
  10422.36     9.564
  10439.76     9.567
  10457.18     9.570
  10474.64     9.573
  10492.12     9.577
  10509.64     9.580
  10527.18     9.584
  10544.75     9.587
  10562.35     9.591
  10579.99     9.594
  10597.65     9.598
  10615.33     9.601
  10633.05     9.605
  10650.80     9.608
  10668.58     9.612
  10686.39     9.615
  10704.23     9.618
  10722.09     9.621
  10739.99     9.625
  10757.92     9.628
  10775.88     9.633
  10793.86     9.637
  10811.88     9.641
  10829.93     9.645
  10848.01     9.649
  10866.11     9.657
  10884.25     9.665
  10902.42     9.674
  10920.62     9.682
  10938.85     9.691
  10957.11     9.695
  10975.40     9.693
  10993.72     9.691
  11012.07     9.689
  11030.45     9.687
  11048.86     9.685
  11067.30     9.688
  11085.78     9.691
  11104.28     9.694
  11122.82     9.697
  11141.38     9.700
  11159.98     9.704
  11178.61     9.707
  11197.27     9.710
  11215.96     9.714
  11234.68     9.717
  11253.43     9.720
  11272.22     9.724
  11291.03     9.727
  11309.88     9.731
  11328.76     9.734
  11347.67     9.738
  11366.61     9.741
  11385.58     9.744
  11404.59     9.748
  11423.63     9.751
  11442.70     9.755
  11461.80     9.758
  11480.93     9.762
  11500.09     9.765
  11519.29     9.769
  11538.52     9.772
  11557.78     9.776
  11577.07     9.780
  11596.39     9.784
  11615.75     9.788
  11635.14     9.792
  11654.56     9.795
  11674.01     9.798
  11693.50     9.801
  11713.02     9.804
  11732.57     9.807
  11752.16     9.809
  11771.77     9.813
  11791.42     9.816
  11811.10     9.820
  11830.82     9.824
  11850.57     9.827
  11870.35     9.831
  11890.16     9.835
  11910.01     9.838
  11929.89     9.842
  11949.80     9.846
  11969.75     9.849
  11989.73     9.852
  12009.74     9.855
