      1148.6000     0.42319E+07     0.18623E+05
      1149.8000     0.10748E+08     0.47398E+05
      1151.0000     0.69248E+07     0.30601E+05
      1152.2000     0.15276E+07     0.67648E+04
      1153.4000     0.20968E+07     0.93048E+04
      1156.9000     0.31038E+07     0.13857E+05
      1158.1000     0.36249E+07     0.16217E+05
      1159.3000     0.19471E+07     0.87289E+04
      1160.4000     0.10595E+07     0.47589E+04
      1161.6000     0.20430E+07     0.91950E+04
      1162.8000     0.24034E+07     0.10840E+05
      1164.0000     0.11763E+07     0.53162E+04
      1165.2000     0.40089E+06     0.18156E+04
      1169.9000     0.38467E+06     0.17562E+04
      1171.1000     0.61321E+06     0.28053E+04
      1172.2000     0.15042E+06     0.68941E+03
      1173.4000     0.62814E+06     0.28849E+04
      1174.6000     0.10405E+07     0.47887E+04
      1175.8000     0.51650E+06     0.23819E+04
      1185.2000     0.18987E+06     0.88966E+03
      1198.2000     0.11183E+06     0.53555E+03
      1199.4000     0.21652E+06     0.10390E+04
      1201.7000     0.18984E+06     0.91444E+03
      1202.9000     0.28429E+06     0.13722E+04
      1204.1000     0.52768E+06     0.25520E+04
      1205.3000     0.19288E+06     0.93468E+03
      1206.5000     0.19898E+05     0.96614E+02
      1207.6000     0.10668E+07     0.51891E+04
      1208.8000     0.19523E+07     0.95156E+04
      1210.0000     0.22509E+07     0.10993E+05
      1211.2000     0.22639E+07     0.11078E+05
      1212.4000     0.27757E+07     0.13609E+05
      1213.5000     0.34220E+07     0.16809E+05
      1214.7000     0.31300E+07     0.15405E+05
      1215.9000     0.31366E+07     0.15468E+05
      1217.1000     0.30374E+07     0.15009E+05
      1218.3000     0.17089E+07     0.84607E+04
      1219.4000     0.11994E+07     0.59489E+04
      1220.6000     0.12854E+07     0.63878E+04
      1221.8000     0.10490E+07     0.52236E+04
      1223.0000     0.48979E+06     0.24437E+04
      1224.2000     0.54501E+06     0.27245E+04
      1225.3000     0.11634E+07     0.58265E+04
      1226.5000     0.79959E+06     0.40122E+04
      1227.7000     0.48312E+05     0.24289E+03
      1228.9000     0.23993E+06     0.12086E+04
      1230.0000     0.26610E+06     0.13429E+04
      1231.2000     0.34951E+06     0.17672E+04
      1232.4000     0.60198E+06     0.30498E+04
      1233.6000     0.49859E+06     0.25309E+04
      1234.8000     0.52300E+06     0.26599E+04
      1235.9000     0.33369E+06     0.17001E+04
      1237.1000     0.29329E+06     0.14972E+04
      1238.3000     0.78087E+06     0.39940E+04
      1239.5000     0.10593E+07     0.54288E+04
      1240.7000     0.77849E+06     0.39973E+04
      1241.8000     0.12192E+07     0.62715E+04
      1243.0000     0.14993E+07     0.77271E+04
      1244.2000     0.75840E+06     0.39161E+04
      1245.4000     0.51967E+06     0.26886E+04
      1246.6000     0.69809E+06     0.36186E+04
      1247.7000     0.85758E+06     0.44532E+04
      1248.9000     0.10572E+07     0.55002E+04
      1250.1000     0.16278E+07     0.84851E+04
      1251.3000     0.19515E+07     0.10192E+05
      1252.5000     0.21115E+07     0.11049E+05
      1253.6000     0.23666E+07     0.12406E+05
      1254.8000     0.25607E+07     0.13449E+05
      1256.0000     0.28577E+07     0.15038E+05
      1257.2000     0.28634E+07     0.15096E+05
      1258.4000     0.29254E+07     0.15452E+05
      1259.5000     0.28122E+07     0.14881E+05
      1260.7000     0.31861E+07     0.16891E+05
      1261.9000     0.51352E+07     0.27276E+05
      1263.1000     0.55102E+07     0.29324E+05
      1264.3000     0.51265E+07     0.27334E+05
      1265.4000     0.60604E+07     0.32369E+05
      1266.6000     0.70525E+07     0.37740E+05
      1267.8000     0.96492E+07     0.51734E+05
      1269.0000     0.11457E+08     0.61540E+05
      1270.2000     0.11290E+08     0.60761E+05
      1271.3000     0.11804E+08     0.63638E+05
      1272.5000     0.11326E+08     0.61176E+05
      1273.7000     0.10246E+08     0.55443E+05
      1274.9000     0.98551E+07     0.53431E+05
      1276.1000     0.10650E+08     0.57851E+05
      1277.2000     0.12495E+08     0.67988E+05
      1278.4000     0.14446E+08     0.78752E+05
      1279.6000     0.16834E+08     0.91943E+05
      1280.8000     0.19553E+08     0.10699E+06
      1282.0000     0.21437E+08     0.11752E+06
      1283.1000     0.22545E+08     0.12381E+06
      1284.3000     0.21877E+08     0.12036E+06
      1285.5000     0.20190E+08     0.11129E+06
      1286.7000     0.19709E+08     0.10884E+06
      1287.9000     0.19706E+08     0.10903E+06
      1289.0000     0.21629E+08     0.11988E+06
      1290.2000     0.23762E+08     0.13194E+06
      1291.4000     0.25519E+08     0.14196E+06
      1292.6000     0.27349E+08     0.15242E+06
      1293.8000     0.28199E+08     0.15745E+06
      1294.9000     0.28776E+08     0.16095E+06
      1296.1000     0.28596E+08     0.16024E+06
      1297.3000     0.27880E+08     0.15652E+06
      1298.5000     0.26450E+08     0.14876E+06
      1299.7000     0.24479E+08     0.13793E+06
      1300.8000     0.20571E+08     0.11611E+06
      1302.0000     0.18434E+08     0.10424E+06
      1303.2000     0.18554E+08     0.10511E+06
      1304.4000     0.18920E+08     0.10738E+06
      1305.6000     0.18873E+08     0.10731E+06
      1306.7000     0.19624E+08     0.11177E+06
      1307.9000     0.20172E+08     0.11510E+06
      1309.1000     0.20169E+08     0.11529E+06
      1310.3000     0.22314E+08     0.12779E+06
      1311.5000     0.26001E+08     0.14918E+06
      1312.6000     0.30361E+08     0.17449E+06
      1313.8000     0.34548E+08     0.19891E+06
      1315.0000     0.37533E+08     0.21650E+06
      1316.2000     0.38544E+08     0.22273E+06
      1317.3000     0.39215E+08     0.22699E+06
      1318.5000     0.40553E+08     0.23516E+06
      1319.7000     0.41595E+08     0.24164E+06
      1320.9000     0.41568E+08     0.24192E+06
      1322.1000     0.40578E+08     0.23659E+06
      1323.2000     0.40566E+08     0.23691E+06
      1324.4000     0.38978E+08     0.22806E+06
      1325.6000     0.38960E+08     0.22836E+06
      1326.8000     0.39225E+08     0.23033E+06
      1328.0000     0.39198E+08     0.23059E+06
      1329.1000     0.38497E+08     0.22684E+06
      1330.3000     0.39587E+08     0.23368E+06
      1331.5000     0.36511E+08     0.21591E+06
      1332.7000     0.33221E+08     0.19681E+06
      1333.9000     0.31950E+08     0.18963E+06
      1335.0000     0.34821E+08     0.20701E+06
      1336.2000     0.38813E+08     0.23115E+06
      1337.4000     0.45648E+08     0.27235E+06
      1338.6000     0.49580E+08     0.29634E+06
      1339.8000     0.51344E+08     0.30743E+06
      1340.9000     0.51952E+08     0.31158E+06
      1342.1000     0.51775E+08     0.31108E+06
      1343.3000     0.53376E+08     0.32127E+06
      1344.5000     0.51636E+08     0.31135E+06
      1345.7000     0.51778E+08     0.31277E+06
      1346.8000     0.51217E+08     0.30989E+06
      1348.0000     0.50766E+08     0.30770E+06
      1349.2000     0.49666E+08     0.30157E+06
      1350.4000     0.47245E+08     0.28738E+06
      1351.6000     0.45454E+08     0.27698E+06
      1352.7000     0.43230E+08     0.26386E+06
      1353.9000     0.42959E+08     0.26267E+06
      1355.1000     0.41823E+08     0.25618E+06
      1356.3000     0.42423E+08     0.26031E+06
      1357.5000     0.43679E+08     0.26849E+06
      1358.6000     0.46964E+08     0.28915E+06
      1359.8000     0.47479E+08     0.29284E+06
      1361.0000     0.46275E+08     0.28592E+06
      1362.2000     0.47427E+08     0.29355E+06
      1363.4000     0.46867E+08     0.29060E+06
      1364.5000     0.46224E+08     0.28708E+06
      1365.7000     0.47273E+08     0.29410E+06
      1366.9000     0.47414E+08     0.29550E+06
      1368.1000     0.46772E+08     0.29201E+06
      1369.3000     0.47512E+08     0.29716E+06
      1370.4000     0.48656E+08     0.30480E+06
      1371.6000     0.48915E+08     0.30696E+06
      1372.8000     0.50263E+08     0.31596E+06
      1374.0000     0.52380E+08     0.32985E+06
      1375.2000     0.53118E+08     0.33508E+06
      1376.3000     0.51976E+08     0.32840E+06
      1377.5000     0.51140E+08     0.32368E+06
      1378.7000     0.52059E+08     0.33008E+06
      1379.9000     0.49967E+08     0.31736E+06
      1381.1000     0.49337E+08     0.31391E+06
      1382.2000     0.52723E+08     0.33599E+06
      1383.4000     0.52748E+08     0.33673E+06
      1384.6000     0.51306E+08     0.32809E+06
      1385.8000     0.51008E+08     0.32675E+06
      1387.0000     0.51332E+08     0.32940E+06
      1388.1000     0.52812E+08     0.33943E+06
      1389.3000     0.52575E+08     0.33849E+06
      1390.5000     0.52687E+08     0.33980E+06
      1391.7000     0.51928E+08     0.33548E+06
      1392.9000     0.50988E+08     0.32998E+06
      1394.0000     0.50305E+08     0.32608E+06
      1395.2000     0.50407E+08     0.32730E+06
      1396.4000     0.49534E+08     0.32219E+06
      1397.6000     0.48437E+08     0.31559E+06
      1398.8000     0.49825E+08     0.32519E+06
      1399.9000     0.52571E+08     0.34365E+06
      1401.1000     0.53084E+08     0.34760E+06
      1402.3000     0.53163E+08     0.34871E+06
      1403.5000     0.53450E+08     0.35119E+06
      1404.7000     0.54788E+08     0.36061E+06
      1405.8000     0.57745E+08     0.38066E+06
      1407.0000     0.57448E+08     0.37935E+06
      1408.2000     0.55159E+08     0.36486E+06
      1409.4000     0.54133E+08     0.35868E+06
      1410.5000     0.54403E+08     0.36104E+06
      1411.7000     0.55417E+08     0.36839E+06
      1412.9000     0.57809E+08     0.38494E+06
      1414.1000     0.58473E+08     0.39003E+06
      1415.3000     0.57698E+08     0.38551E+06
      1416.4000     0.60448E+08     0.40452E+06
      1417.6000     0.60068E+08     0.40265E+06
      1418.8000     0.59974E+08     0.40271E+06
      1420.0000     0.60166E+08     0.40468E+06
      1421.2000     0.59776E+08     0.40273E+06
      1422.3000     0.60018E+08     0.40499E+06
      1423.5000     0.61023E+08     0.41246E+06
      1424.7000     0.61656E+08     0.41745E+06
      1425.9000     0.61741E+08     0.41873E+06
      1427.1000     0.61934E+08     0.42074E+06
      1428.2000     0.59473E+08     0.40465E+06
      1429.4000     0.56798E+08     0.38710E+06
      1430.6000     0.55176E+08     0.37667E+06
      1431.8000     0.52966E+08     0.36219E+06
      1433.0000     0.54364E+08     0.37237E+06
      1434.1000     0.57408E+08     0.39383E+06
      1435.3000     0.56484E+08     0.38814E+06
      1436.5000     0.58738E+08     0.40430E+06
      1437.7000     0.61248E+08     0.42229E+06
      1438.9000     0.59321E+08     0.40968E+06
      1440.0000     0.61240E+08     0.42358E+06
      1441.2000     0.62365E+08     0.43209E+06
      1442.4000     0.61168E+08     0.42450E+06
      1443.6000     0.61691E+08     0.42884E+06
      1444.8000     0.63193E+08     0.44001E+06
      1445.9000     0.64718E+08     0.45131E+06
      1447.1000     0.66423E+08     0.46397E+06
      1448.3000     0.66156E+08     0.46288E+06
      1449.5000     0.66876E+08     0.46869E+06
      1450.7000     0.66764E+08     0.46868E+06
      1451.8000     0.66928E+08     0.47055E+06
      1453.0000     0.66959E+08     0.47154E+06
      1454.2000     0.66651E+08     0.47015E+06
      1455.4000     0.66587E+08     0.47047E+06
      1456.6000     0.66552E+08     0.47100E+06
      1457.7000     0.66545E+08     0.47166E+06
      1458.9000     0.64539E+08     0.45820E+06
      1460.1000     0.63949E+08     0.45476E+06
      1461.3000     0.65877E+08     0.46924E+06
      1462.5000     0.63979E+08     0.45647E+06
      1463.6000     0.61152E+08     0.43695E+06
      1464.8000     0.59806E+08     0.42804E+06
      1466.0000     0.61646E+08     0.44193E+06
      1467.2000     0.61638E+08     0.44259E+06
      1468.4000     0.59755E+08     0.42977E+06
      1469.5000     0.59760E+08     0.43046E+06
      1470.7000     0.59376E+08     0.42839E+06
      1471.9000     0.57344E+08     0.41440E+06
      1473.1000     0.57897E+08     0.41908E+06
      1474.3000     0.58989E+08     0.42769E+06
      1475.4000     0.61222E+08     0.44454E+06
      1476.6000     0.63436E+08     0.46136E+06
      1477.8000     0.63922E+08     0.46565E+06
      1479.0000     0.61674E+08     0.45000E+06
      1480.2000     0.59575E+08     0.43540E+06
      1481.3000     0.60179E+08     0.44046E+06
      1482.5000     0.60145E+08     0.44093E+06
      1483.7000     0.59834E+08     0.43936E+06
      1484.9000     0.61925E+08     0.45545E+06
      1486.1000     0.65286E+08     0.48094E+06
      1487.2000     0.68546E+08     0.50571E+06
      1488.4000     0.68797E+08     0.50838E+06
      1489.6000     0.66123E+08     0.48941E+06
      1490.8000     0.63905E+08     0.47376E+06
      1492.0000     0.63728E+08     0.47320E+06
      1493.1000     0.64205E+08     0.47745E+06
      1494.3000     0.64931E+08     0.48362E+06
      1495.5000     0.67951E+08     0.50693E+06
      1496.7000     0.72333E+08     0.54049E+06
      1497.8000     0.73291E+08     0.54845E+06
      1499.0000     0.72726E+08     0.54510E+06
      1500.2000     0.72599E+08     0.54502E+06
      1501.4000     0.71764E+08     0.53961E+06
      1502.6000     0.71048E+08     0.53508E+06
      1503.7000     0.70244E+08     0.52980E+06
      1504.9000     0.67673E+08     0.51122E+06
      1506.1000     0.65108E+08     0.49263E+06
      1507.3000     0.62042E+08     0.47018E+06
      1508.5000     0.60527E+08     0.45943E+06
      1509.6000     0.59786E+08     0.45447E+06
      1510.8000     0.59475E+08     0.45282E+06
      1512.0000     0.61084E+08     0.46581E+06
      1513.2000     0.63142E+08     0.48227E+06
      1514.4000     0.64245E+08     0.49148E+06
      1515.5000     0.65329E+08     0.50049E+06
      1516.7000     0.65907E+08     0.50572E+06
      1517.9000     0.67402E+08     0.51801E+06
      1519.1000     0.71024E+08     0.54671E+06
      1520.3000     0.71849E+08     0.55393E+06
      1521.4000     0.68619E+08     0.52980E+06
      1522.6000     0.67215E+08     0.51977E+06
      1523.8000     0.65971E+08     0.51096E+06
      1525.0000     0.63666E+08     0.49389E+06
      1526.2000     0.63231E+08     0.49128E+06
      1527.3000     0.62828E+08     0.48886E+06
      1528.5000     0.61771E+08     0.48139E+06
      1529.7000     0.64145E+08     0.50068E+06
      1530.9000     0.63822E+08     0.49893E+06
      1532.1000     0.61196E+08     0.47916E+06
      1533.2000     0.61210E+08     0.47996E+06
      1534.4000     0.62825E+08     0.49339E+06
      1535.6000     0.66497E+08     0.52304E+06
      1536.8000     0.67166E+08     0.52913E+06
      1538.0000     0.67929E+08     0.53598E+06
      1539.1000     0.69229E+08     0.54702E+06
      1540.3000     0.68077E+08     0.53875E+06
      1541.5000     0.66506E+08     0.52714E+06
      1542.7000     0.66634E+08     0.52898E+06
      1543.9000     0.67004E+08     0.53274E+06
      1545.0000     0.65850E+08     0.52432E+06
      1546.2000     0.65664E+08     0.52365E+06
      1547.4000     0.68487E+08     0.54701E+06
      1548.6000     0.69406E+08     0.55520E+06
      1549.8000     0.68130E+08     0.54585E+06
      1550.9000     0.66064E+08     0.53005E+06
      1552.1000     0.66373E+08     0.53334E+06
      1553.3000     0.66595E+08     0.53596E+06
      1554.5000     0.65688E+08     0.52948E+06
      1555.7000     0.63012E+08     0.50869E+06
      1556.8000     0.60100E+08     0.48587E+06
      1558.0000     0.59297E+08     0.48012E+06
      1559.2000     0.58921E+08     0.47781E+06
      1560.4000     0.59035E+08     0.47947E+06
      1561.6000     0.61451E+08     0.49986E+06
      1562.7000     0.63016E+08     0.51331E+06
      1563.9000     0.63633E+08     0.51913E+06
      1565.1000     0.66415E+08     0.54267E+06
      1566.3000     0.67600E+08     0.55319E+06
      1567.5000     0.67112E+08     0.55004E+06
      1568.6000     0.64830E+08     0.53209E+06
      1569.8000     0.62604E+08     0.51460E+06
      1571.0000     0.63580E+08     0.52343E+06
      1572.2000     0.63417E+08     0.52288E+06
      1573.4000     0.62977E+08     0.52004E+06
      1574.5000     0.64193E+08     0.53082E+06
      1575.7000     0.64580E+08     0.53484E+06
      1576.9000     0.66060E+08     0.54793E+06
      1578.1000     0.67907E+08     0.56411E+06
      1579.3000     0.68850E+08     0.57281E+06
      1580.4000     0.68615E+08     0.57165E+06
      1581.6000     0.68985E+08     0.57561E+06
      1582.8000     0.68191E+08     0.56985E+06
      1584.0000     0.67828E+08     0.56768E+06
      1585.1000     0.68366E+08     0.57297E+06
      1586.3000     0.67387E+08     0.56562E+06
      1587.5000     0.67571E+08     0.56802E+06
      1588.7000     0.67307E+08     0.56666E+06
      1589.9000     0.67348E+08     0.56787E+06
      1591.0000     0.67291E+08     0.56817E+06
      1592.2000     0.65312E+08     0.55229E+06
      1593.4000     0.66024E+08     0.55915E+06
      1594.6000     0.66698E+08     0.56571E+06
      1595.8000     0.66956E+08     0.56876E+06
      1596.9000     0.67657E+08     0.57550E+06
      1598.1000     0.67460E+08     0.57469E+06
      1599.3000     0.66170E+08     0.56455E+06
      1600.5000     0.65992E+08     0.56387E+06
      1601.7000     0.65874E+08     0.56371E+06
      1602.8000     0.64046E+08     0.54882E+06
      1604.0000     0.65216E+08     0.55968E+06
      1605.2000     0.65848E+08     0.56595E+06
      1606.4000     0.66433E+08     0.57183E+06
      1607.6000     0.66387E+08     0.57229E+06
      1608.7000     0.66939E+08     0.57784E+06
      1609.9000     0.67088E+08     0.57999E+06
      1611.1000     0.66430E+08     0.57516E+06
      1612.3000     0.66502E+08     0.57664E+06
      1613.5000     0.67454E+08     0.58577E+06
      1614.6000     0.66978E+08     0.58243E+06
      1615.8000     0.68423E+08     0.59587E+06
      1617.0000     0.68041E+08     0.59343E+06
      1618.2000     0.66968E+08     0.58494E+06
      1619.4000     0.66705E+08     0.58351E+06
      1620.5000     0.67956E+08     0.59526E+06
      1621.7000     0.68705E+08     0.60271E+06
      1622.9000     0.68281E+08     0.59988E+06
      1624.1000     0.67289E+08     0.59203E+06
      1625.3000     0.66610E+08     0.58693E+06
      1626.4000     0.66865E+08     0.58997E+06
      1627.6000     0.66647E+08     0.58892E+06
      1628.8000     0.66009E+08     0.58414E+06
      1630.0000     0.66098E+08     0.58579E+06
      1631.2000     0.66131E+08     0.58694E+06
      1632.3000     0.65494E+08     0.58208E+06
      1633.5000     0.65396E+08     0.58206E+06
      1634.7000     0.67053E+08     0.59769E+06
      1635.9000     0.66723E+08     0.59562E+06
      1637.1000     0.65432E+08     0.58495E+06
      1638.2000     0.67504E+08     0.60428E+06
      1639.4000     0.67567E+08     0.60574E+06
      1640.6000     0.65638E+08     0.58930E+06
      1641.8000     0.65910E+08     0.59261E+06
      1643.0000     0.66339E+08     0.59734E+06
      1644.1000     0.66054E+08     0.59557E+06
      1645.3000     0.67318E+08     0.60786E+06
      1646.5000     0.67855E+08     0.61360E+06
      1647.7000     0.67078E+08     0.60746E+06
      1648.9000     0.66494E+08     0.60305E+06
      1650.0000     0.65643E+08     0.59612E+06
      1651.2000     0.63760E+08     0.57987E+06
      1652.4000     0.61383E+08     0.55906E+06
      1653.6000     0.58861E+08     0.53687E+06
      1654.8000     0.53782E+08     0.49126E+06
      1655.9000     0.50437E+08     0.46131E+06
      1657.1000     0.52005E+08     0.47634E+06
      1658.3000     0.54730E+08     0.50204E+06
      1659.5000     0.58611E+08     0.53841E+06
      1660.7000     0.59249E+08     0.54506E+06
      1661.8000     0.59315E+08     0.54639E+06
      1663.0000     0.60277E+08     0.55605E+06
      1664.2000     0.65424E+08     0.60440E+06
      1665.4000     0.64798E+08     0.59949E+06
      1666.6000     0.62548E+08     0.57951E+06
      1667.7000     0.61571E+08     0.57120E+06
      1668.9000     0.61206E+08     0.56864E+06
      1670.1000     0.59780E+08     0.55618E+06
      1671.3000     0.60200E+08     0.56090E+06
      1672.5000     0.60943E+08     0.56864E+06
      1673.6000     0.60081E+08     0.56133E+06
      1674.8000     0.61438E+08     0.57483E+06
      1676.0000     0.62179E+08     0.58260E+06
      1677.2000     0.63912E+08     0.59970E+06
      1678.3000     0.64254E+08     0.60369E+06
      1679.5000     0.64469E+08     0.60658E+06
      1680.7000     0.63750E+08     0.60067E+06
      1681.9000     0.63298E+08     0.59727E+06
      1683.1000     0.63403E+08     0.59911E+06
      1684.2000     0.62512E+08     0.59147E+06
      1685.4000     0.62162E+08     0.58900E+06
      1686.6000     0.62612E+08     0.59410E+06
      1687.8000     0.61953E+08     0.58869E+06
      1689.0000     0.62215E+08     0.59201E+06
      1690.1000     0.62435E+08     0.59488E+06
      1691.3000     0.61656E+08     0.58830E+06
      1692.5000     0.60856E+08     0.58149E+06
      1693.7000     0.60246E+08     0.57647E+06
      1694.9000     0.60586E+08     0.58055E+06
      1696.0000     0.60565E+08     0.58110E+06
      1697.2000     0.59559E+08     0.57226E+06
      1698.4000     0.60319E+08     0.58038E+06
      1699.6000     0.61729E+08     0.59479E+06
      1700.8000     0.61618E+08     0.59455E+06
      1701.9000     0.60915E+08     0.58853E+06
      1703.1000     0.60244E+08     0.58287E+06
      1704.3000     0.61498E+08     0.59584E+06
      1705.5000     0.59432E+08     0.57664E+06
      1706.7000     0.59478E+08     0.57790E+06
      1707.8000     0.59098E+08     0.57495E+06
      1709.0000     0.58618E+08     0.57108E+06
      1710.2000     0.59094E+08     0.57652E+06
      1711.4000     0.59416E+08     0.58047E+06
      1712.6000     0.60428E+08     0.59119E+06
      1713.7000     0.60128E+08     0.58901E+06
      1714.9000     0.59410E+08     0.58280E+06
      1716.1000     0.58628E+08     0.57593E+06
      1717.3000     0.57497E+08     0.56561E+06
      1718.5000     0.57570E+08     0.56712E+06
      1719.6000     0.57492E+08     0.56708E+06
      1720.8000     0.57610E+08     0.56904E+06
      1722.0000     0.58679E+08     0.58040E+06
      1723.2000     0.58110E+08     0.57557E+06
      1724.4000     0.56843E+08     0.56381E+06
      1725.5000     0.57969E+08     0.57571E+06
      1726.7000     0.58940E+08     0.58617E+06
      1727.9000     0.59573E+08     0.59329E+06
      1729.1000     0.59106E+08     0.58945E+06
      1730.3000     0.58857E+08     0.58779E+06
      1731.4000     0.58557E+08     0.58553E+06
      1732.6000     0.57875E+08     0.57952E+06
      1733.8000     0.57738E+08     0.57895E+06
      1735.0000     0.58646E+08     0.58887E+06
      1736.2000     0.59838E+08     0.60166E+06
      1737.3000     0.60639E+08     0.61050E+06
      1738.5000     0.60092E+08     0.60582E+06
      1739.7000     0.59708E+08     0.60278E+06
      1740.9000     0.59912E+08     0.60568E+06
      1742.1000     0.60530E+08     0.61277E+06
      1743.2000     0.60465E+08     0.61289E+06
      1744.4000     0.59705E+08     0.60602E+06
      1745.6000     0.59891E+08     0.60874E+06
      1746.8000     0.60371E+08     0.61446E+06
      1748.0000     0.60526E+08     0.61688E+06
      1749.1000     0.60302E+08     0.61538E+06
      1750.3000     0.59992E+08     0.61305E+06
      1751.5000     0.60714E+08     0.62128E+06
      1752.7000     0.61307E+08     0.62821E+06
      1753.9000     0.61976E+08     0.63594E+06
      1755.0000     0.62592E+08     0.64307E+06
      1756.2000     0.61528E+08     0.63299E+06
      1757.4000     0.60160E+08     0.61977E+06
      1758.6000     0.60801E+08     0.62722E+06
      1759.8000     0.60108E+08     0.62092E+06
      1760.9000     0.58266E+08     0.60265E+06
      1762.1000     0.57488E+08     0.59541E+06
      1763.3000     0.58469E+08     0.60640E+06
      1764.5000     0.58942E+08     0.61213E+06
      1765.6000     0.58937E+08     0.61284E+06
      1766.8000     0.60127E+08     0.62607E+06
      1768.0000     0.61037E+08     0.63641E+06
      1769.2000     0.61589E+08     0.64303E+06
      1770.4000     0.61924E+08     0.64742E+06
      1771.5000     0.62390E+08     0.65310E+06
      1772.7000     0.62369E+08     0.65376E+06
      1773.9000     0.62446E+08     0.65545E+06
      1775.1000     0.62502E+08     0.65693E+06
      1776.3000     0.62743E+08     0.66036E+06
      1777.4000     0.62821E+08     0.66199E+06
      1778.6000     0.62682E+08     0.66142E+06
      1779.8000     0.62588E+08     0.66132E+06
      1781.0000     0.62602E+08     0.66236E+06
      1782.2000     0.62269E+08     0.65972E+06
      1783.3000     0.61869E+08     0.65629E+06
      1784.5000     0.61546E+08     0.65375E+06
      1785.7000     0.61049E+08     0.64935E+06
      1786.9000     0.60476E+08     0.64411E+06
      1788.1000     0.61101E+08     0.65165E+06
      1789.2000     0.61573E+08     0.65748E+06
      1790.4000     0.62209E+08     0.66517E+06
      1791.6000     0.62344E+08     0.66751E+06
      1792.8000     0.62283E+08     0.66775E+06
      1794.0000     0.62145E+08     0.66716E+06
      1795.1000     0.62038E+08     0.66683E+06
      1796.3000     0.62533E+08     0.67305E+06
      1797.5000     0.63399E+08     0.68328E+06
      1798.7000     0.63445E+08     0.68469E+06
      1799.9000     0.63710E+08     0.68847E+06
      1801.0000     0.64006E+08     0.69251E+06
      1802.2000     0.63538E+08     0.68836E+06
      1803.4000     0.63091E+08     0.68443E+06
      1804.6000     0.61419E+08     0.66718E+06
      1805.8000     0.60566E+08     0.65879E+06
      1806.9000     0.59974E+08     0.65314E+06
      1808.1000     0.60114E+08     0.65554E+06
      1809.3000     0.60889E+08     0.66487E+06
      1810.5000     0.61236E+08     0.66955E+06
      1811.7000     0.61397E+08     0.67220E+06
      1812.8000     0.61207E+08     0.67093E+06
      1814.0000     0.60513E+08     0.66420E+06
      1815.2000     0.60059E+08     0.66009E+06
      1816.4000     0.59309E+08     0.65271E+06
      1817.6000     0.59226E+08     0.65266E+06
      1818.7000     0.59678E+08     0.65843E+06
      1819.9000     0.60589E+08     0.66937E+06
      1821.1000     0.60985E+08     0.67464E+06
      1822.3000     0.60812E+08     0.67361E+06
      1823.5000     0.60867E+08     0.67511E+06
      1824.6000     0.60681E+08     0.67386E+06
      1825.8000     0.60298E+08     0.67048E+06
      1827.0000     0.59739E+08     0.66514E+06
      1828.2000     0.58533E+08     0.65258E+06
      1829.4000     0.58007E+08     0.64755E+06
      1830.5000     0.58421E+08     0.65296E+06
      1831.7000     0.59251E+08     0.66311E+06
      1832.9000     0.59118E+08     0.66249E+06
      1834.1000     0.59084E+08     0.66297E+06
      1835.3000     0.59345E+08     0.66677E+06
      1836.4000     0.58917E+08     0.66276E+06
      1837.6000     0.57635E+08     0.64919E+06
      1838.8000     0.56507E+08     0.63731E+06
      1840.0000     0.55489E+08     0.62665E+06
      1841.2000     0.54362E+08     0.61472E+06
      1842.3000     0.54669E+08     0.61893E+06
      1843.5000     0.55732E+08     0.63179E+06
      1844.7000     0.55898E+08     0.63450E+06
      1845.9000     0.56416E+08     0.64120E+06
      1847.1000     0.56814E+08     0.64657E+06
      1848.2000     0.57125E+08     0.65088E+06
      1849.4000     0.57021E+08     0.65054E+06
      1850.6000     0.56809E+08     0.64896E+06
      1851.8000     0.56401E+08     0.64514E+06
      1853.0000     0.55917E+08     0.64043E+06
      1854.1000     0.55565E+08     0.63716E+06
      1855.3000     0.55171E+08     0.63346E+06
      1856.5000     0.55217E+08     0.63481E+06
      1857.7000     0.55736E+08     0.64160E+06
      1858.8000     0.55641E+08     0.64127E+06
      1860.0000     0.56098E+08     0.64737E+06
      1861.2000     0.56973E+08     0.65832E+06
      1862.4000     0.57621E+08     0.66666E+06
      1863.6000     0.57074E+08     0.66119E+06
      1864.7000     0.57406E+08     0.66581E+06
      1865.9000     0.57742E+08     0.67057E+06
      1867.1000     0.57717E+08     0.67115E+06
      1868.3000     0.58113E+08     0.67662E+06
      1869.5000     0.58248E+08     0.67906E+06
      1870.6000     0.58393E+08     0.68155E+06
      1871.8000     0.58643E+08     0.68535E+06
      1873.0000     0.59459E+08     0.69578E+06
      1874.2000     0.59770E+08     0.70032E+06
      1875.4000     0.59765E+08     0.70116E+06
      1876.5000     0.59449E+08     0.69826E+06
      1877.7000     0.59294E+08     0.69734E+06
      1878.9000     0.58976E+08     0.69448E+06
      1880.1000     0.58338E+08     0.68785E+06
      1881.3000     0.58458E+08     0.69014E+06
      1882.4000     0.59153E+08     0.69917E+06
      1883.6000     0.59303E+08     0.70183E+06
      1884.8000     0.58966E+08     0.69874E+06
      1886.0000     0.58386E+08     0.69275E+06
      1887.2000     0.58122E+08     0.69048E+06
      1888.3000     0.58479E+08     0.69554E+06
      1889.5000     0.57997E+08     0.69068E+06
      1890.7000     0.57540E+08     0.68611E+06
      1891.9000     0.57365E+08     0.68489E+06
      1893.1000     0.57158E+08     0.68329E+06
      1894.2000     0.56910E+08     0.68112E+06
      1895.4000     0.56647E+08     0.67883E+06
      1896.6000     0.56847E+08     0.68208E+06
      1897.8000     0.56989E+08     0.68465E+06
      1899.0000     0.57231E+08     0.68843E+06
      1900.1000     0.57542E+08     0.69297E+06
      1901.3000     0.57698E+08     0.69573E+06
      1902.5000     0.57586E+08     0.69526E+06
      1903.7000     0.56953E+08     0.68849E+06
      1904.9000     0.56346E+08     0.68200E+06
      1906.0000     0.55804E+08     0.67623E+06
      1907.2000     0.55418E+08     0.67239E+06
      1908.4000     0.55605E+08     0.67551E+06
      1909.6000     0.55517E+08     0.67529E+06
      1910.8000     0.55853E+08     0.68024E+06
      1911.9000     0.56224E+08     0.68553E+06
      1913.1000     0.56445E+08     0.68910E+06
      1914.3000     0.56691E+08     0.69297E+06
      1915.5000     0.57110E+08     0.69896E+06
      1916.7000     0.57370E+08     0.70302E+06
      1917.8000     0.57225E+08     0.70205E+06
      1919.0000     0.56794E+08     0.69765E+06
      1920.2000     0.56016E+08     0.68894E+06
      1921.4000     0.55233E+08     0.68016E+06
      1922.6000     0.55712E+08     0.68693E+06
      1923.7000     0.55794E+08     0.68872E+06
      1924.9000     0.55719E+08     0.68865E+06
      1926.1000     0.55642E+08     0.68856E+06
      1927.3000     0.55234E+08     0.68436E+06
      1928.5000     0.54080E+08     0.67089E+06
      1929.6000     0.54699E+08     0.67935E+06
      1930.8000     0.55581E+08     0.69116E+06
      1932.0000     0.55763E+08     0.69429E+06
      1933.2000     0.56035E+08     0.69854E+06
      1934.4000     0.56600E+08     0.70646E+06
      1935.5000     0.56722E+08     0.70878E+06
      1936.7000     0.56602E+08     0.70817E+06
      1937.9000     0.56909E+08     0.71289E+06
      1939.1000     0.56758E+08     0.71188E+06
      1940.3000     0.56776E+08     0.71298E+06
      1941.4000     0.56945E+08     0.71592E+06
      1942.6000     0.56842E+08     0.71551E+06
      1943.8000     0.57029E+08     0.71875E+06
      1945.0000     0.56783E+08     0.71653E+06
      1946.1000     0.56433E+08     0.71292E+06
      1947.3000     0.56268E+08     0.71171E+06
      1948.5000     0.56802E+08     0.71936E+06
      1949.7000     0.56638E+08     0.71817E+06
      1950.9000     0.56233E+08     0.71391E+06
      1952.0000     0.55879E+08     0.71021E+06
      1953.2000     0.55134E+08     0.70161E+06
      1954.4000     0.55429E+08     0.70622E+06
      1955.6000     0.56032E+08     0.71478E+06
      1956.8000     0.56293E+08     0.71900E+06
      1957.9000     0.56120E+08     0.71760E+06
      1959.1000     0.56559E+08     0.72409E+06
      1960.3000     0.57128E+08     0.73228E+06
      1961.5000     0.57128E+08     0.73317E+06
      1962.7000     0.56461E+08     0.72550E+06
      1963.8000     0.55724E+08     0.71683E+06
      1965.0000     0.55334E+08     0.71269E+06
      1966.2000     0.54880E+08     0.70771E+06
      1967.4000     0.54614E+08     0.70513E+06
      1968.6000     0.54915E+08     0.70988E+06
      1969.7000     0.55155E+08     0.71378E+06
      1970.9000     0.55130E+08     0.71433E+06
      1972.1000     0.54845E+08     0.71151E+06
      1973.3000     0.54442E+08     0.70714E+06
      1974.5000     0.54225E+08     0.70517E+06
      1975.6000     0.53894E+08     0.70164E+06
      1976.8000     0.53440E+08     0.69658E+06
      1978.0000     0.53172E+08     0.69393E+06
      1979.2000     0.52375E+08     0.68436E+06
      1980.4000     0.52240E+08     0.68342E+06
      1981.5000     0.51946E+08     0.68033E+06
      1982.7000     0.51672E+08     0.67756E+06
      1983.9000     0.51065E+08     0.67041E+06
      1985.1000     0.57997E+08     0.76234E+06
      1986.9000     0.58004E+08     0.76382E+06
      1988.8000     0.57935E+08     0.76436E+06
      1990.7000     0.54910E+08     0.72585E+06
      1992.5000     0.55796E+08     0.73888E+06
      1994.4000     0.58234E+08     0.77265E+06
      1996.3000     0.55363E+08     0.73595E+06
      1998.1000     0.56646E+08     0.75437E+06
      2000.6473     0.57627E+08     0.76939E+06
      2002.5475     0.56266E+08     0.75264E+06
      2004.4481     0.57644E+08     0.77255E+06
      2006.2482     0.54667E+08     0.73396E+06
      2008.1488     0.57531E+08     0.77388E+06
      2010.0490     0.58686E+08     0.79092E+06
      2011.8495     0.54247E+08     0.73240E+06
      2013.7496     0.54075E+08     0.73145E+06
      2015.6503     0.60186E+08     0.81565E+06
      2017.4504     0.58056E+08     0.78820E+06
      2019.3510     0.56525E+08     0.76885E+06
      2021.2511     0.52818E+08     0.71978E+06
      2023.1515     0.56467E+08     0.77096E+06
      2024.9518     0.56792E+08     0.77678E+06
      2026.8522     0.56289E+08     0.77135E+06
      2028.7526     0.55459E+08     0.76139E+06
      2030.5529     0.53794E+08     0.73985E+06
      2032.4532     0.57092E+08     0.78668E+06
      2034.3535     0.56521E+08     0.78026E+06
      2036.1539     0.55168E+08     0.76293E+06
      2038.0543     0.56400E+08     0.78144E+06
      2039.9547     0.50677E+08     0.70345E+06
      2041.7552     0.52622E+08     0.73174E+06
      2043.6554     0.58970E+08     0.82154E+06
      2045.5560     0.54915E+08     0.76646E+06
      2047.4562     0.53983E+08     0.75486E+06
      2049.2568     0.55412E+08     0.77621E+06
      2051.1567     0.54938E+08     0.77099E+06
      2053.0574     0.56209E+08     0.79029E+06
      2054.8574     0.58359E+08     0.82196E+06
      2056.7583     0.59526E+08     0.83995E+06
      2058.6582     0.59352E+08     0.83904E+06
      2060.4587     0.56526E+08     0.80049E+06
      2062.3589     0.52940E+08     0.75109E+06
      2064.2595     0.51680E+08     0.73457E+06
      2066.0596     0.55812E+08     0.79467E+06
      2067.9602     0.55135E+08     0.78649E+06
      2069.8604     0.52758E+08     0.75396E+06
      2071.7610     0.52707E+08     0.75461E+06
      2073.5615     0.52328E+08     0.75050E+06
      2075.4617     0.56781E+08     0.81586E+06
      2077.3621     0.62515E+08     0.89989E+06
      2079.1624     0.61379E+08     0.88506E+06
      2081.0627     0.57452E+08     0.82996E+06
      2082.9631     0.53102E+08     0.76852E+06
      2084.7637     0.57191E+08     0.82913E+06
      2086.6638     0.57443E+08     0.83430E+06
      2088.5642     0.51528E+08     0.74975E+06
      2090.3645     0.51314E+08     0.74793E+06
      2092.2651     0.57483E+08     0.83936E+06
      2094.1655     0.58267E+08     0.85235E+06
      2096.0657     0.53218E+08     0.77992E+06
      2097.8662     0.54426E+08     0.79899E+06
      2099.7664     0.53252E+08     0.78318E+06
      2101.6670     0.52142E+08     0.76824E+06
      2103.4673     0.54603E+08     0.80587E+06
      2105.3677     0.54363E+08     0.80378E+06
      2107.2681     0.52713E+08     0.78080E+06
      2109.0681     0.51465E+08     0.76362E+06
      2110.9690     0.55045E+08     0.81820E+06
      2112.8689     0.52408E+08     0.78041E+06
      2114.6697     0.50651E+08     0.75554E+06
      2116.5698     0.53194E+08     0.79490E+06
      2118.4702     0.52798E+08     0.79038E+06
      2120.3706     0.54441E+08     0.81645E+06
      2122.1709     0.59475E+08     0.89346E+06
      2124.0715     0.54945E+08     0.82689E+06
      2125.9719     0.51923E+08     0.78281E+06
      2127.7722     0.55324E+08     0.83550E+06
      2129.6726     0.55675E+08     0.84229E+06
      2131.5728     0.48658E+08     0.73745E+06
      2133.3733     0.44660E+08     0.67800E+06
      2135.2739     0.43249E+08     0.65776E+06
      2137.1741     0.48575E+08     0.74006E+06
      2138.9746     0.51707E+08     0.78911E+06
      2140.8748     0.50394E+08     0.77044E+06
      2142.7751     0.48792E+08     0.74728E+06
      2144.6758     0.49143E+08     0.75399E+06
      2146.4758     0.49141E+08     0.75522E+06
      2148.3765     0.50967E+08     0.78467E+06
      2150.2771     0.49898E+08     0.76957E+06
      2152.0769     0.50313E+08     0.77728E+06
      2153.9778     0.51094E+08     0.79074E+06
      2155.8777     0.50656E+08     0.78534E+06
      2157.6782     0.51126E+08     0.79395E+06
      2159.5789     0.51319E+08     0.79835E+06
      2161.4790     0.50730E+08     0.79058E+06
      2163.3796     0.47085E+08     0.73507E+06
      2165.1799     0.47426E+08     0.74163E+06
      2167.0801     0.48273E+08     0.75619E+06
      2168.9807     0.47338E+08     0.74285E+06
      2170.7810     0.48935E+08     0.76919E+06
      2172.6814     0.47227E+08     0.74363E+06
      2174.5818     0.49052E+08     0.77373E+06
      2176.3821     0.49545E+08     0.78280E+06
      2178.2825     0.49426E+08     0.78228E+06
      2180.1831     0.46724E+08     0.74081E+06
      2181.9834     0.48389E+08     0.76848E+06
      2183.8835     0.49045E+08     0.78024E+06
      2185.7844     0.51015E+08     0.81300E+06
      2187.6843     0.52286E+08     0.83470E+06
      2189.4849     0.50969E+08     0.81501E+06
      2191.3855     0.46027E+08     0.73727E+06
      2193.2856     0.45581E+08     0.73139E+06
      2195.0862     0.47767E+08     0.76774E+06
      2196.9868     0.49016E+08     0.78918E+06
      2198.8867     0.51455E+08     0.82987E+06
      2200.6875     0.51116E+08     0.82576E+06
      2202.5876     0.49135E+08     0.79512E+06
      2204.4880     0.49444E+08     0.80151E+06
      2206.2888     0.48790E+08     0.79219E+06
      2208.1890     0.50170E+08     0.81601E+06
      2210.0891     0.49288E+08     0.80304E+06
      2211.9897     0.47474E+08     0.77482E+06
      2213.7903     0.45192E+08     0.73877E+06
      2215.6904     0.47167E+08     0.77238E+06
      2217.5908     0.47766E+08     0.78354E+06
      2219.3914     0.45535E+08     0.74816E+06
      2221.2917     0.47836E+08     0.78731E+06
      2223.1921     0.47241E+08     0.77885E+06
      2224.9927     0.47264E+08     0.78048E+06
      2226.8926     0.45235E+08     0.74826E+06
      2228.7935     0.44714E+08     0.74090E+06
      2230.5938     0.46515E+08     0.77199E+06
      2232.4939     0.48023E+08     0.79839E+06
      2234.3943     0.49011E+08     0.81619E+06
      2236.2952     0.48672E+08     0.81193E+06
      2238.0950     0.47300E+08     0.79032E+06
      2239.9956     0.49710E+08     0.83199E+06
      2241.8960     0.48380E+08     0.81111E+06
      2243.6965     0.45364E+08     0.76177E+06
      2245.5967     0.46294E+08     0.77870E+06
      2247.4973     0.47408E+08     0.79878E+06
      2249.2979     0.47477E+08     0.80123E+06
      2251.1980     0.43696E+08     0.73867E+06
      2253.0984     0.43079E+08     0.72947E+06
      2254.8989     0.46235E+08     0.78416E+06
      2256.7993     0.45453E+08     0.77220E+06
      2258.6995     0.42691E+08     0.72650E+06
      2260.6001     0.43028E+08     0.73346E+06
      2262.4006     0.43549E+08     0.74353E+06
      2264.3008     0.43167E+08     0.73824E+06
      2266.2014     0.45622E+08     0.78154E+06
      2268.0017     0.46108E+08     0.79113E+06
      2269.9019     0.43712E+08     0.75126E+06
      2271.8027     0.42805E+08     0.73690E+06
      2273.6028     0.45767E+08     0.78915E+06
      2275.5034     0.48858E+08     0.84386E+06
      2277.4038     0.48285E+08     0.83535E+06
      2279.2041     0.45245E+08     0.78399E+06
      2281.1045     0.44095E+08     0.76534E+06
      2283.0049     0.46605E+08     0.81026E+06
      2284.9053     0.47441E+08     0.82617E+06
      2286.7058     0.49796E+08     0.86855E+06
      2288.6062     0.47818E+08     0.83544E+06
      2290.5066     0.46134E+08     0.80735E+06
      2292.3071     0.44906E+08     0.78710E+06
      2294.2075     0.44632E+08     0.78359E+06
      2296.1074     0.46752E+08     0.82218E+06
      2297.9082     0.47734E+08     0.84076E+06
      2299.8088     0.44402E+08     0.78337E+06
      2301.7090     0.40802E+08     0.72104E+06
      2303.6094     0.42345E+08     0.74954E+06
      2305.4099     0.45012E+08     0.79801E+06
      2307.3103     0.43750E+08     0.77691E+06
      2309.2109     0.44067E+08     0.78383E+06
      2311.0112     0.43973E+08     0.78338E+06
      2312.9114     0.43608E+08     0.77815E+06
      2314.8120     0.45359E+08     0.81073E+06
      2316.6125     0.43289E+08     0.77493E+06
      2318.5127     0.42934E+08     0.76983E+06
      2320.4131     0.41533E+08     0.74594E+06
      2322.2136     0.41546E+08     0.74733E+06
      2324.1140     0.44283E+08     0.79786E+06
      2326.0144     0.46844E+08     0.84539E+06
      2327.9148     0.45647E+08     0.82513E+06
      2329.7151     0.44344E+08     0.80282E+06
      2331.6157     0.42095E+08     0.76335E+06
      2333.5161     0.40020E+08     0.72691E+06
      2335.3164     0.41503E+08     0.75500E+06
      2337.2170     0.43894E+08     0.79981E+06
      2339.1174     0.44932E+08     0.82004E+06
      2340.9175     0.43310E+08     0.79166E+06
      2342.8181     0.41357E+08     0.75719E+06
      2344.7188     0.39727E+08     0.72852E+06
      2346.5190     0.38174E+08     0.70113E+06
      2348.4192     0.38387E+08     0.70618E+06
      2350.3198     0.40909E+08     0.75378E+06
      2352.2202     0.42658E+08     0.78728E+06
      2354.0208     0.41096E+08     0.75962E+06
      2355.9209     0.39673E+08     0.73451E+06
      2357.8213     0.39148E+08     0.72596E+06
      2359.6218     0.41364E+08     0.76822E+06
      2361.5225     0.41637E+08     0.77453E+06
      2363.4224     0.39110E+08     0.72870E+06
      2365.2229     0.38013E+08     0.70933E+06
      2367.1235     0.40732E+08     0.76131E+06
      2369.0242     0.40676E+08     0.76147E+06
      2370.8242     0.39845E+08     0.74705E+06
      2372.7246     0.40786E+08     0.76592E+06
      2374.6252     0.40294E+08     0.75790E+06
      2376.5256     0.41065E+08     0.77363E+06
      2378.3262     0.40268E+08     0.75976E+06
      2380.2266     0.37956E+08     0.71729E+06
      2382.1267     0.37721E+08     0.71400E+06
      2383.9272     0.37139E+08     0.70404E+06
      2385.8279     0.35331E+08     0.67082E+06
      2387.7278     0.36228E+08     0.68896E+06
      2389.5286     0.37971E+08     0.72319E+06
      2391.4290     0.38201E+08     0.72874E+06
      2393.3296     0.39106E+08     0.74719E+06
      2395.1296     0.40729E+08     0.77936E+06
      2397.0303     0.38693E+08     0.74159E+06
      2398.9307     0.37850E+08     0.72657E+06
      2400.8311     0.37439E+08     0.71982E+06
      2402.6316     0.37208E+08     0.71647E+06
      2404.5320     0.38333E+08     0.73929E+06
      2406.4321     0.38648E+08     0.74653E+06
      2408.2327     0.38229E+08     0.73955E+06
      2410.1333     0.37568E+08     0.72791E+06
      2412.0339     0.38051E+08     0.73844E+06
      2413.8340     0.37382E+08     0.72654E+06
      2415.7344     0.36252E+08     0.70569E+06
      2417.6350     0.37364E+08     0.72848E+06
      2419.4353     0.39534E+08     0.77192E+06
      2421.3357     0.40173E+08     0.78564E+06
      2423.2361     0.39568E+08     0.77502E+06
      2425.1365     0.39622E+08     0.77730E+06
      2426.9370     0.39510E+08     0.77626E+06
      2428.8376     0.39691E+08     0.78102E+06
      2430.7378     0.39516E+08     0.77881E+06
      2432.5381     0.38717E+08     0.76420E+06
      2434.4385     0.38565E+08     0.76238E+06
      2436.3394     0.37653E+08     0.74551E+06
      2438.1396     0.37118E+08     0.73600E+06
      2440.0398     0.38144E+08     0.75754E+06
      2441.9402     0.40909E+08     0.81371E+06
      2443.8411     0.41903E+08     0.83479E+06
      2445.6411     0.40943E+08     0.81685E+06
      2447.5417     0.40076E+08     0.80080E+06
      2449.4419     0.38826E+08     0.77702E+06
      2451.2427     0.38669E+08     0.77502E+06
      2453.1428     0.40371E+08     0.81039E+06
      2455.0435     0.41315E+08     0.83062E+06
      2456.8440     0.39840E+08     0.80215E+06
      2458.7439     0.38304E+08     0.77241E+06
      2460.6445     0.39363E+08     0.79500E+06
      2462.4451     0.38825E+08     0.78528E+06
      2464.3457     0.38142E+08     0.77266E+06
      2466.2458     0.37999E+08     0.77095E+06
      2468.1465     0.37629E+08     0.76462E+06
      2469.9468     0.39499E+08     0.80378E+06
      2471.8474     0.39316E+08     0.80129E+06
      2473.7476     0.39164E+08     0.79943E+06
      2475.5481     0.38651E+08     0.79010E+06
      2477.4487     0.39112E+08     0.80075E+06
      2479.3489     0.39262E+08     0.80506E+06
      2481.1492     0.38988E+08     0.80061E+06
      2483.0498     0.37855E+08     0.77853E+06
      2484.9504     0.39136E+08     0.80610E+06
      2486.7507     0.39899E+08     0.82301E+06
      2488.6509     0.39958E+08     0.82549E+06
      2490.5515     0.40918E+08     0.84662E+06
      2492.4521     0.39477E+08     0.81804E+06
      2494.2524     0.38047E+08     0.78954E+06
      2496.1528     0.39608E+08     0.82321E+06
      2498.0535     0.41098E+08     0.85547E+06
      2499.8538     0.40870E+08     0.85194E+06
      2501.7539     0.41521E+08     0.86684E+06
      2503.6545     0.41780E+08     0.87357E+06
      2505.4551     0.41253E+08     0.86378E+06
      2507.3555     0.40135E+08     0.84166E+06
      2509.2559     0.38511E+08     0.80882E+06
      2511.0562     0.40169E+08     0.84485E+06
      2512.9568     0.39891E+08     0.84027E+06
      2514.8572     0.39696E+08     0.83744E+06
      2516.7576     0.39564E+08     0.83591E+06
      2518.5581     0.39659E+08     0.83912E+06
      2520.4585     0.40501E+08     0.85823E+06
      2522.3589     0.38764E+08     0.82266E+06
      2524.1592     0.37348E+08     0.79375E+06
      2526.0598     0.37124E+08     0.79017E+06
      2527.9604     0.36485E+08     0.77774E+06
      2529.7607     0.34935E+08     0.74575E+06
      2531.6609     0.34638E+08     0.74053E+06
      2533.5615     0.37357E+08     0.79986E+06
      2535.3621     0.39641E+08     0.84998E+06
      2537.2622     0.36982E+08     0.79416E+06
      2539.1628     0.34738E+08     0.74707E+06
      2541.0635     0.34421E+08     0.74137E+06
      2542.8638     0.35639E+08     0.76869E+06
      2544.7639     0.37490E+08     0.80983E+06
      2546.6643     0.36604E+08     0.79187E+06
      2548.4651     0.36111E+08     0.78232E+06
      2550.3657     0.36128E+08     0.78383E+06
      2552.2659     0.36829E+08     0.80024E+06
      2554.0664     0.37323E+08     0.81211E+06
      2555.9666     0.38689E+08     0.84309E+06
      2557.8674     0.39734E+08     0.86715E+06
      2559.6675     0.40426E+08     0.88350E+06
      2561.5681     0.38429E+08     0.84110E+06
      2563.4685     0.38166E+08     0.83658E+06
      2565.3694     0.37768E+08     0.82909E+06
      2567.1689     0.37349E+08     0.82104E+06
      2569.0698     0.39455E+08     0.86863E+06
      2570.9702     0.40264E+08     0.88774E+06
      2572.7708     0.40021E+08     0.88364E+06
      2574.6709     0.40352E+08     0.89225E+06
      2576.5718     0.39996E+08     0.88568E+06
      2578.3721     0.39296E+08     0.87140E+06
      2580.2725     0.39190E+08     0.87032E+06
      2582.1726     0.38708E+08     0.86091E+06
      2584.0732     0.39695E+08     0.88415E+06
      2585.8740     0.38672E+08     0.86256E+06
      2587.7744     0.38909E+08     0.86913E+06
      2589.6746     0.39386E+08     0.88107E+06
      2591.4749     0.39342E+08     0.88130E+06
      2593.3755     0.38255E+08     0.85823E+06
      2595.2761     0.38868E+08     0.87325E+06
      2597.0767     0.40346E+08     0.90770E+06
      2598.9768     0.40761E+08     0.91838E+06
      2600.8774     0.38016E+08     0.85779E+06
      2602.6777     0.37230E+08     0.84123E+06
      2604.5781     0.39251E+08     0.88820E+06
      2606.4783     0.39844E+08     0.90292E+06
      2608.3792     0.38578E+08     0.87552E+06
      2610.1794     0.36477E+08     0.82897E+06
      2612.0801     0.36714E+08     0.83557E+06
      2613.9802     0.37713E+08     0.85956E+06
      2615.7810     0.39224E+08     0.89524E+06
      2617.6812     0.39138E+08     0.89456E+06
      2619.5818     0.38424E+08     0.87952E+06
      2621.3823     0.38985E+08     0.89359E+06
      2623.2825     0.40152E+08     0.92168E+06
      2625.1829     0.39877E+08     0.91669E+06
      2626.9836     0.39497E+08     0.90920E+06
      2628.8843     0.38134E+08     0.87909E+06
      2630.7842     0.36948E+08     0.85298E+06
      2632.6846     0.36180E+08     0.83645E+06
      2634.4851     0.36572E+08     0.84669E+06
      2636.3860     0.38745E+08     0.89827E+06
      2638.2861     0.41493E+08     0.96338E+06
      2640.0867     0.42033E+08     0.97724E+06
      2641.9871     0.40824E+08     0.95051E+06
      2643.8875     0.41249E+08     0.96178E+06
      2645.6877     0.42259E+08     0.98669E+06
      2647.5881     0.42192E+08     0.98652E+06
      2649.4888     0.41317E+08     0.96745E+06
      2651.2893     0.41332E+08     0.96912E+06
      2653.1897     0.43055E+08     0.10110E+07
      2655.0901     0.43217E+08     0.10162E+07
      2656.9907     0.40926E+08     0.96373E+06
      2658.7908     0.40699E+08     0.95969E+06
      2660.6914     0.40996E+08     0.96808E+06
      2662.5920     0.40486E+08     0.95739E+06
      2664.3923     0.39189E+08     0.92798E+06
      2666.2927     0.38699E+08     0.91769E+06
      2668.1934     0.38167E+08     0.90636E+06
      2669.9939     0.38400E+08     0.91313E+06
      2671.8945     0.38371E+08     0.91374E+06
      2673.7944     0.38803E+08     0.92535E+06
      2675.5950     0.39183E+08     0.93566E+06
      2677.4954     0.39531E+08     0.94531E+06
      2679.3962     0.39722E+08     0.95122E+06
      2681.2964     0.39220E+08     0.94054E+06
      2683.0969     0.39337E+08     0.94461E+06
      2684.9973     0.40000E+08     0.96188E+06
      2686.8979     0.40169E+08     0.96732E+06
      2688.6980     0.38869E+08     0.93728E+06
      2690.5984     0.38325E+08     0.92546E+06
      2692.4990     0.38316E+08     0.92655E+06
      2694.2996     0.38180E+08     0.92451E+06
      2696.2000     0.38916E+08     0.94365E+06
      2698.1006     0.38476E+08     0.93430E+06
      2699.9009     0.37910E+08     0.92179E+06
      2701.8015     0.37712E+08     0.91826E+06
      2703.7017     0.37356E+08     0.91087E+06
      2705.6023     0.37535E+08     0.91652E+06
      2707.4026     0.37830E+08     0.92495E+06
      2709.3030     0.37977E+08     0.92986E+06
      2711.2034     0.37831E+08     0.92758E+06
      2713.0042     0.37475E+08     0.92007E+06
      2714.9048     0.37224E+08     0.91519E+06
      2716.8049     0.37245E+08     0.91700E+06
      2718.6052     0.37687E+08     0.92910E+06
      2720.5056     0.38097E+08     0.94052E+06
      2722.4062     0.38833E+08     0.96002E+06
      2724.3069     0.38340E+08     0.94917E+06
      2726.1069     0.37606E+08     0.93223E+06
      2728.0076     0.36316E+08     0.90151E+06
      2729.9082     0.36768E+08     0.91401E+06
      2731.7085     0.38060E+08     0.94738E+06
      2733.6094     0.39038E+08     0.97306E+06
      2735.5090     0.39973E+08     0.99776E+06
      2737.3096     0.40227E+08     0.10054E+07
      2739.2102     0.39315E+08     0.98398E+06
      2741.1108     0.37647E+08     0.94354E+06
      2742.9114     0.36294E+08     0.91083E+06
      2744.8115     0.35592E+08     0.89446E+06
      2746.7119     0.36119E+08     0.90895E+06
      2748.6128     0.35512E+08     0.89491E+06
      2750.4133     0.34653E+08     0.87440E+06
      2752.3135     0.34150E+08     0.86292E+06
      2754.2136     0.35560E+08     0.89978E+06
      2756.0142     0.35615E+08     0.90234E+06
      2757.9148     0.36016E+08     0.91377E+06
      2759.8154     0.36155E+08     0.91857E+06
      2761.6160     0.35958E+08     0.91475E+06
      2763.5161     0.36581E+08     0.93187E+06
      2765.4167     0.37099E+08     0.94636E+06
      2767.2170     0.37270E+08     0.95196E+06
      2769.1174     0.37094E+08     0.94878E+06
      2771.0178     0.36603E+08     0.93752E+06
      2772.9182     0.36848E+08     0.94509E+06
      2774.7188     0.37177E+08     0.95476E+06
      2776.6194     0.37486E+08     0.96400E+06
      2778.5198     0.37153E+08     0.95675E+06
      2780.3203     0.36189E+08     0.93314E+06
      2782.2209     0.35341E+08     0.91251E+06
      2784.1213     0.36007E+08     0.93098E+06
      2785.9219     0.36578E+08     0.94698E+06
      2787.8220     0.36950E+08     0.95791E+06
      2789.7224     0.36460E+08     0.94648E+06
      2791.5229     0.35453E+08     0.92155E+06
      2793.4233     0.34226E+08     0.89086E+06
      2795.3237     0.32441E+08     0.84554E+06
      2797.2244     0.29550E+08     0.77125E+06
      2799.0249     0.27911E+08     0.72941E+06
      2800.9255     0.29019E+08     0.75940E+06
      2802.8257     0.30454E+08     0.79803E+06
      2804.6260     0.30963E+08     0.81239E+06
      2806.5264     0.31524E+08     0.82824E+06
      2808.4270     0.34434E+08     0.90591E+06
      2810.2275     0.37480E+08     0.98734E+06
      2812.1279     0.38222E+08     0.10082E+07
      2814.0283     0.37752E+08     0.99718E+06
      2815.8289     0.37618E+08     0.99493E+06
      2817.7292     0.37854E+08     0.10025E+07
      2819.6301     0.38564E+08     0.10227E+07
      2821.5305     0.38673E+08     0.10270E+07
      2823.3308     0.38676E+08     0.10284E+07
      2825.2310     0.39081E+08     0.10405E+07
      2827.1316     0.38821E+08     0.10350E+07
      2828.9321     0.38097E+08     0.10170E+07
      2830.8325     0.37362E+08     0.99872E+06
      2832.7327     0.36164E+08     0.96797E+06
      2834.5332     0.36620E+08     0.98143E+06
      2836.4341     0.36876E+08     0.98962E+06
      2838.3345     0.36436E+08     0.97913E+06
      2840.1350     0.37019E+08     0.99605E+06
      2842.0354     0.36800E+08     0.99149E+06
      2843.9355     0.36233E+08     0.97752E+06
      2845.8359     0.35624E+08     0.96237E+06
      2847.6365     0.35879E+08     0.97050E+06
      2849.5371     0.36483E+08     0.98814E+06
      2851.4377     0.36538E+08     0.99095E+06
      2853.2378     0.36571E+08     0.99311E+06
      2855.1384     0.36056E+08     0.98043E+06
      2857.0388     0.35995E+08     0.98006E+06
      2858.8396     0.35944E+08     0.97989E+06
      2860.7400     0.36135E+08     0.98642E+06
      2862.6406     0.36516E+08     0.99816E+06
      2864.5405     0.35926E+08     0.98334E+06
      2866.3411     0.35463E+08     0.97188E+06
      2868.2415     0.35137E+08     0.96421E+06
      2870.1421     0.34948E+08     0.96029E+06
      2871.9426     0.34980E+08     0.96239E+06
      2873.8433     0.35213E+08     0.97008E+06
      2875.7434     0.35224E+08     0.97167E+06
      2877.5439     0.35604E+08     0.98339E+06
      2879.4446     0.35488E+08     0.98148E+06
      2881.3450     0.35341E+08     0.97869E+06
      2883.1458     0.35826E+08     0.99338E+06
      2885.0457     0.36428E+08     0.10114E+07
      2886.9460     0.36438E+08     0.10130E+07
      2888.8467     0.36881E+08     0.10267E+07
      2890.6472     0.36490E+08     0.10171E+07
      2892.5476     0.35677E+08     0.99570E+06
      2894.4482     0.35159E+08     0.98253E+06
      2896.2485     0.34926E+08     0.97724E+06
      2898.1489     0.35580E+08     0.99683E+06
      2900.0496     0.36581E+08     0.10262E+07
      2901.8501     0.36960E+08     0.10382E+07
      2903.7505     0.37655E+08     0.10591E+07
      2905.6511     0.38256E+08     0.10774E+07
      2907.4512     0.37906E+08     0.10688E+07
      2909.3516     0.37545E+08     0.10601E+07
      2911.2520     0.37385E+08     0.10569E+07
      2913.1526     0.37458E+08     0.10603E+07
      2914.9534     0.37361E+08     0.10589E+07
      2916.8538     0.37169E+08     0.10548E+07
      2918.7539     0.37124E+08     0.10550E+07
      2920.5544     0.37544E+08     0.10682E+07
      2922.4551     0.37763E+08     0.10758E+07
      2924.3555     0.36864E+08     0.10516E+07
      2926.1562     0.36282E+08     0.10363E+07
      2928.0566     0.36079E+08     0.10318E+07
      2929.9565     0.35813E+08     0.10255E+07
      2931.7568     0.35768E+08     0.10255E+07
      2933.6577     0.35660E+08     0.10237E+07
      2935.5581     0.35193E+08     0.10116E+07
      2937.4587     0.34937E+08     0.10056E+07
      2939.2590     0.35725E+08     0.10295E+07
      2941.1599     0.35584E+08     0.10268E+07
      2943.0601     0.35560E+08     0.10274E+07
      2944.8606     0.36073E+08     0.10435E+07
      2946.7610     0.36165E+08     0.10475E+07
      2948.6616     0.35655E+08     0.10341E+07
      2950.4622     0.36273E+08     0.10533E+07
      2952.3628     0.36301E+08     0.10555E+07
      2954.2625     0.35802E+08     0.10423E+07
      2956.0630     0.36083E+08     0.10517E+07
      2957.9639     0.36763E+08     0.10730E+07
      2959.8643     0.37465E+08     0.10948E+07
      2961.7646     0.37060E+08     0.10844E+07
      2963.5652     0.36340E+08     0.10646E+07
      2965.4656     0.36167E+08     0.10609E+07
      2967.3660     0.36562E+08     0.10739E+07
      2969.1665     0.36716E+08     0.10797E+07
      2971.0671     0.36490E+08     0.10744E+07
      2972.9678     0.36148E+08     0.10657E+07
      2974.7681     0.36753E+08     0.10849E+07
      2976.6685     0.36758E+08     0.10864E+07
      2978.5686     0.36048E+08     0.10668E+07
      2980.3691     0.36085E+08     0.10692E+07
      2982.2695     0.36079E+08     0.10704E+07
      2984.1704     0.36178E+08     0.10747E+07
      2986.0708     0.35972E+08     0.10699E+07
      2987.8713     0.35662E+08     0.10619E+07
      2989.7715     0.36338E+08     0.10835E+07
      2991.6721     0.36762E+08     0.10975E+07
      2993.4727     0.37018E+08     0.11065E+07
      2995.3730     0.36895E+08     0.11042E+07
      2997.2737     0.36982E+08     0.11082E+07
      2999.0742     0.35935E+08     0.10781E+07
      3000.9746     0.35707E+08     0.10727E+07
      3002.8750     0.35993E+08     0.10826E+07
      3004.7751     0.36551E+08     0.11008E+07
      3006.5757     0.36837E+08     0.11107E+07
      3008.4763     0.36618E+08     0.11055E+07
      3010.3767     0.36672E+08     0.11086E+07
      3012.1775     0.36810E+08     0.11141E+07
      3014.0774     0.36025E+08     0.10917E+07
      3015.9783     0.35942E+08     0.10905E+07
      3017.7786     0.36331E+08     0.11036E+07
      3019.6792     0.36624E+08     0.11139E+07
      3021.5796     0.36529E+08     0.11125E+07
      3023.3801     0.36613E+08     0.11164E+07
      3025.2808     0.36801E+08     0.11235E+07
      3027.1812     0.36643E+08     0.11201E+07
      3029.0815     0.36202E+08     0.11080E+07
      3030.8816     0.36588E+08     0.11211E+07
      3032.7822     0.36419E+08     0.11174E+07
      3034.6829     0.36459E+08     0.11200E+07
      3036.4834     0.36488E+08     0.11222E+07
      3038.3835     0.36423E+08     0.11216E+07
      3040.2839     0.36586E+08     0.11280E+07
      3042.0845     0.36448E+08     0.11251E+07
      3043.9854     0.35996E+08     0.11125E+07
      3045.8857     0.35440E+08     0.10967E+07
      3047.6863     0.35322E+08     0.10944E+07
      3049.5867     0.35359E+08     0.10969E+07
      3051.4871     0.34886E+08     0.10836E+07
      3053.3875     0.34101E+08     0.10605E+07
      3055.1880     0.34450E+08     0.10726E+07
      3057.0886     0.34840E+08     0.10861E+07
      3058.9888     0.35042E+08     0.10938E+07
      3060.7893     0.35431E+08     0.11072E+07
      3062.6899     0.34427E+08     0.10772E+07
      3064.5901     0.33881E+08     0.10614E+07
      3066.3906     0.34031E+08     0.10673E+07
      3068.2910     0.34448E+08     0.10818E+07
      3070.1917     0.34378E+08     0.10809E+07
      3071.9922     0.33832E+08     0.10650E+07
      3073.8928     0.33720E+08     0.10628E+07
      3075.7932     0.33794E+08     0.10664E+07
      3077.6936     0.33992E+08     0.10740E+07
      3079.4941     0.33932E+08     0.10734E+07
      3081.3945     0.33963E+08     0.10757E+07
      3083.2949     0.34117E+08     0.10819E+07
      3085.0957     0.34530E+08     0.10963E+07
      3086.9963     0.34467E+08     0.10956E+07
      3088.8965     0.34362E+08     0.10936E+07
      3090.6965     0.34330E+08     0.10939E+07
      3092.5969     0.33156E+08     0.10577E+07
      3094.4978     0.33030E+08     0.10550E+07
      3096.2981     0.33984E+08     0.10868E+07
      3098.1987     0.34175E+08     0.10942E+07
      3100.0991     0.33925E+08     0.10876E+07
      3102.0000     0.33634E+08     0.10795E+07
      3103.8003     0.33467E+08     0.10754E+07
      3105.7004     0.33483E+08     0.10773E+07
      3107.6011     0.33622E+08     0.10831E+07
      3109.4016     0.34068E+08     0.10987E+07
      3111.3020     0.34429E+08     0.11117E+07
      3113.2026     0.34260E+08     0.11076E+07
      3115.0034     0.33868E+08     0.10962E+07
      3116.9038     0.33363E+08     0.10812E+07
      3118.8040     0.33052E+08     0.10724E+07
      3120.6040     0.33119E+08     0.10758E+07
      3122.5046     0.32930E+08     0.10710E+07
      3124.4053     0.33138E+08     0.10790E+07
      3126.3057     0.33477E+08     0.10914E+07
      3128.1062     0.33847E+08     0.11047E+07
      3130.0068     0.33850E+08     0.11062E+07
      3131.9070     0.33641E+08     0.11007E+07
      3133.7075     0.33616E+08     0.11011E+07
      3135.6079     0.33590E+08     0.11016E+07
      3137.5088     0.33957E+08     0.11150E+07
      3139.3091     0.34224E+08     0.11251E+07
      3141.2097     0.34460E+08     0.11342E+07
      3143.1101     0.34826E+08     0.11476E+07
      3145.0110     0.34658E+08     0.11435E+07
      3146.8108     0.34170E+08     0.11287E+07
      3148.7114     0.33581E+08     0.11106E+07
      3150.6121     0.33405E+08     0.11061E+07
      3152.4121     0.33111E+08     0.10976E+07
      3154.3127     0.32785E+08     0.10881E+07
      3156.2134     0.32821E+08     0.10906E+07
      3158.0139     0.32759E+08     0.10898E+07
      3159.9141     0.33025E+08     0.11000E+07
      3161.8145     0.33192E+08     0.11068E+07
      3163.6150     0.33230E+08     0.11094E+07
      3165.5156     0.33457E+08     0.11183E+07
      3167.4160     0.33774E+08     0.11302E+07
      3169.3167     0.33722E+08     0.11298E+07
      3171.1172     0.33791E+08     0.11334E+07
      3173.0178     0.33948E+08     0.11401E+07
      3174.9180     0.33768E+08     0.11354E+07
      3176.7185     0.33341E+08     0.11223E+07
      3178.6189     0.33042E+08     0.11136E+07
      3180.5195     0.32785E+08     0.11062E+07
      3182.3201     0.32896E+08     0.11113E+07
      3184.2207     0.33255E+08     0.11247E+07
      3186.1211     0.33178E+08     0.11234E+07
      3187.9214     0.32933E+08     0.11164E+07
      3189.8213     0.33461E+08     0.11357E+07
      3191.7222     0.33554E+08     0.11402E+07
      3193.6226     0.33082E+08     0.11255E+07
      3195.4231     0.32928E+08     0.11215E+07
      3197.3235     0.33022E+08     0.11260E+07
      3199.2241     0.32839E+08     0.11211E+07
      3201.0249     0.32538E+08     0.11121E+07
      3202.9253     0.32534E+08     0.11133E+07
      3204.8254     0.33558E+08     0.11497E+07
      3206.6260     0.33654E+08     0.11543E+07
      3208.5266     0.32871E+08     0.11288E+07
      3210.4270     0.32385E+08     0.11134E+07
      3212.2275     0.32363E+08     0.11139E+07
      3214.1282     0.32756E+08     0.11287E+07
      3216.0288     0.32991E+08     0.11382E+07
      3217.9292     0.33127E+08     0.11442E+07
      3219.7295     0.32999E+08     0.11411E+07
      3221.6299     0.32949E+08     0.11407E+07
      3223.5303     0.32762E+08     0.11356E+07
      3225.3306     0.32605E+08     0.11314E+07
      3227.2312     0.32399E+08     0.11256E+07
      3229.1316     0.32183E+08     0.11194E+07
      3230.9321     0.32205E+08     0.11214E+07
      3232.8328     0.32285E+08     0.11255E+07
      3234.7329     0.32375E+08     0.11300E+07
      3236.5334     0.32456E+08     0.11341E+07
      3238.4341     0.32537E+08     0.11382E+07
      3240.3345     0.32206E+08     0.11280E+07
      3242.2351     0.32042E+08     0.11235E+07
      3244.0356     0.31957E+08     0.11218E+07
      3245.9360     0.31784E+08     0.11170E+07
      3247.8367     0.31631E+08     0.11129E+07
      3249.6367     0.31812E+08     0.11206E+07
      3251.5374     0.31894E+08     0.11248E+07
      3253.4380     0.32252E+08     0.11387E+07
      3255.2385     0.32639E+08     0.11537E+07
      3257.1389     0.31801E+08     0.11254E+07
      3259.0396     0.31571E+08     0.11185E+07
      3260.8398     0.32047E+08     0.11367E+07
      3262.7402     0.32611E+08     0.11580E+07
      3264.6404     0.32921E+08     0.11704E+07
      3266.5410     0.33338E+08     0.11866E+07
      3268.3413     0.32767E+08     0.11675E+07
      3270.2419     0.32381E+08     0.11551E+07
      3272.1426     0.32202E+08     0.11501E+07
      3273.9431     0.32610E+08     0.11659E+07
      3275.8435     0.32647E+08     0.11686E+07
      3277.7441     0.31978E+08     0.11460E+07
      3279.5447     0.31193E+08     0.11191E+07
      3281.4448     0.31534E+08     0.11326E+07
      3283.3452     0.31952E+08     0.11490E+07
      3285.2458     0.31716E+08     0.11418E+07
      3287.0466     0.31342E+08     0.11296E+07
      3288.9470     0.31429E+08     0.11340E+07
      3290.8474     0.31545E+08     0.11395E+07
      3292.6479     0.31779E+08     0.11492E+07
      3294.5486     0.31631E+08     0.11452E+07
      3296.4492     0.31336E+08     0.11358E+07
      3298.2493     0.31482E+08     0.11424E+07
      3300.1497     0.31677E+08     0.11508E+07
      3300.9500     0.33439E+08     0.12154E+07
      3325.9565     0.32829E+08     0.12113E+07
      3350.9624     0.32438E+08     0.12150E+07
      3375.9692     0.32378E+08     0.12309E+07
      3400.9751     0.32319E+08     0.12469E+07
      3425.9819     0.31993E+08     0.12526E+07
      3450.9883     0.31612E+08     0.12558E+07
      3475.9946     0.31293E+08     0.12612E+07
      3501.0010     0.31035E+08     0.12689E+07
      3526.0076     0.30949E+08     0.12835E+07
      3551.0139     0.30864E+08     0.12982E+07
      3576.0203     0.30637E+08     0.13069E+07
      3601.0269     0.30497E+08     0.13191E+07
      3626.0332     0.30357E+08     0.13314E+07
      3651.0400     0.30469E+08     0.13548E+07
      3676.0466     0.30581E+08     0.13785E+07
      3701.0527     0.30666E+08     0.14011E+07
      3726.0591     0.31758E+08     0.14707E+07
      3751.0657     0.36429E+08     0.17098E+07
      3776.0720     0.42214E+08     0.20078E+07
      3801.0786     0.49142E+08     0.23684E+07
      3826.0852     0.55444E+08     0.27073E+07
      3851.0918     0.63717E+08     0.31521E+07
      3876.0979     0.70640E+08     0.35402E+07
      3901.1047     0.69607E+08     0.35335E+07
      3926.1118     0.77527E+08     0.39862E+07
      3951.1184     0.71623E+08     0.37297E+07
      3976.1245     0.68148E+08     0.35938E+07
      4001.1311     0.80436E+08     0.42953E+07
      4026.1377     0.86987E+08     0.47034E+07
      4051.1443     0.86110E+08     0.47140E+07
      4076.1504     0.73833E+08     0.40920E+07
      4101.1572     0.65021E+08     0.36479E+07
      4126.1641     0.71032E+08     0.40339E+07
      4151.1704     0.79406E+08     0.45643E+07
      4176.1772     0.78461E+08     0.45645E+07
      4201.1831     0.77384E+08     0.45559E+07
      4226.1899     0.76534E+08     0.45596E+07
      4251.1968     0.75068E+08     0.45254E+07
      4276.2031     0.72820E+08     0.44417E+07
      4301.2104     0.66781E+08     0.41211E+07
      4326.2168     0.56163E+08     0.35063E+07
      4351.2227     0.56319E+08     0.35568E+07
      4376.2300     0.63132E+08     0.40330E+07
      4401.2363     0.67461E+08     0.43589E+07
      4426.2427     0.66658E+08     0.43561E+07
      4451.2500     0.65683E+08     0.43411E+07
      4476.2563     0.64603E+08     0.43178E+07
      4501.2627     0.63599E+08     0.42983E+07
      4526.2700     0.62209E+08     0.42512E+07
      4551.2759     0.59738E+08     0.41276E+07
      4576.2827     0.60180E+08     0.42040E+07
      4601.2891     0.59628E+08     0.42111E+07
      4626.2964     0.58864E+08     0.42024E+07
      4651.3027     0.58003E+08     0.41858E+07
      4676.3091     0.56892E+08     0.41499E+07
      4701.3159     0.55854E+08     0.41179E+07
      4726.3228     0.54834E+08     0.40858E+07
      4751.3296     0.53734E+08     0.40463E+07
      4776.3354     0.52900E+08     0.40255E+07
      4801.3423     0.51886E+08     0.39899E+07
      4826.3486     0.47979E+08     0.37279E+07
      4851.3560     0.41101E+08     0.32267E+07
      4876.3623     0.41291E+08     0.32751E+07
      4901.3691     0.46031E+08     0.36886E+07
      4926.3755     0.48647E+08     0.39381E+07
      4951.3828     0.48023E+08     0.39272E+07
      4976.3896     0.47147E+08     0.38946E+07
      5001.3960     0.46500E+08     0.38798E+07
      5026.4028     0.45778E+08     0.38579E+07
      5051.4092     0.45066E+08     0.38358E+07
      5076.4155     0.44489E+08     0.38243E+07
      5101.4219     0.43838E+08     0.38055E+07
      5126.4292     0.43237E+08     0.37902E+07
      5151.4360     0.42604E+08     0.37713E+07
      5176.4424     0.42020E+08     0.37557E+07
      5201.4492     0.41405E+08     0.37366E+07
      5226.4556     0.40912E+08     0.37278E+07
      5251.4624     0.40351E+08     0.37119E+07
      5276.4697     0.39871E+08     0.37027E+07
      5301.4761     0.39287E+08     0.36832E+07
      5326.4829     0.38963E+08     0.36873E+07
      5351.4897     0.38464E+08     0.36744E+07
      5376.4961     0.37936E+08     0.36579E+07
      5401.5029     0.37485E+08     0.36481E+07
      5426.5093     0.36970E+08     0.36314E+07
      5451.5166     0.36463E+08     0.36147E+07
      5476.5234     0.35996E+08     0.36012E+07
      5501.5298     0.35404E+08     0.35744E+07
      5526.5361     0.34918E+08     0.35574E+07
      5551.5430     0.34503E+08     0.35470E+07
      5576.5493     0.34218E+08     0.35495E+07
      5601.5562     0.33717E+08     0.35290E+07
      5626.5630     0.33132E+08     0.34988E+07
      5651.5698     0.32648E+08     0.34783E+07
      5676.5762     0.32200E+08     0.34610E+07
      5701.5830     0.31729E+08     0.34405E+07
      5726.5903     0.31409E+08     0.34358E+07
      5751.5962     0.30978E+08     0.34183E+07
      5776.6035     0.30553E+08     0.34008E+07
      5801.6104     0.30134E+08     0.33832E+07
      5826.6167     0.29913E+08     0.33874E+07
      5851.6235     0.29394E+08     0.33573E+07
      5876.6304     0.28990E+08     0.33396E+07
      5901.6372     0.28566E+08     0.33188E+07
      5926.6436     0.28148E+08     0.32980E+07
      5951.6504     0.27737E+08     0.32772E+07
      5976.6572     0.27381E+08     0.32625E+07
      6001.6646     0.26956E+08     0.32387E+07
      6026.6704     0.26610E+08     0.32239E+07
      6051.6777     0.26294E+08     0.32121E+07
      6076.6846     0.26029E+08     0.32060E+07
      6101.6914     0.25743E+08     0.31969E+07
      6126.6978     0.25389E+08     0.31790E+07
      6151.7046     0.25041E+08     0.31610E+07
      6176.7114     0.24698E+08     0.31430E+07
      6201.7183     0.24359E+08     0.31250E+07
      6226.7246     0.24024E+08     0.31071E+07
      6251.7314     0.23673E+08     0.30863E+07
      6276.7378     0.23478E+08     0.30853E+07
      6301.7446     0.23220E+08     0.30758E+07
      6326.7515     0.22901E+08     0.30577E+07
      6351.7578     0.22691E+08     0.30537E+07
      6376.7646     0.22566E+08     0.30608E+07
      6401.7715     0.22400E+08     0.30622E+07
      6426.7783     0.22052E+08     0.30382E+07
      6451.7847     0.21770E+08     0.30227E+07
      6476.7915     0.21471E+08     0.30044E+07
      6501.7983     0.21079E+08     0.29723E+07
      6526.8052     0.19260E+08     0.27367E+07
      6551.8125     0.17452E+08     0.24989E+07
      6576.8193     0.16744E+08     0.24158E+07
      6601.8252     0.18649E+08     0.27112E+07
      6626.8320     0.20149E+08     0.29515E+07
      6651.8394     0.19928E+08     0.29411E+07
      6676.8462     0.19708E+08     0.29307E+07
      6701.8530     0.19492E+08     0.29203E+07
      6726.8589     0.19331E+08     0.29178E+07
      6751.8662     0.19118E+08     0.29072E+07
      6776.8730     0.18891E+08     0.28939E+07
      6801.8799     0.18666E+08     0.28806E+07
      6826.8867     0.18410E+08     0.28621E+07
      6851.8931     0.18141E+08     0.28409E+07
      6876.8999     0.17941E+08     0.28302E+07
      6901.9067     0.17695E+08     0.28117E+07
      6926.9136     0.17468E+08     0.27958E+07
      6951.9204     0.17372E+08     0.28005E+07
      6976.9272     0.17181E+08     0.27897E+07
      7001.9336     0.17071E+08     0.27917E+07
      7026.9404     0.16868E+08     0.27782E+07
      7051.9473     0.16651E+08     0.27622E+07
      7076.9541     0.16438E+08     0.27462E+07
      7101.9609     0.16257E+08     0.27352E+07
      7126.9678     0.16034E+08     0.27167E+07
      7151.9751     0.15814E+08     0.26983E+07
      7176.9810     0.15669E+08     0.26923E+07
      7201.9878     0.15526E+08     0.26862E+07
      7226.9946     0.15383E+08     0.26801E+07
      7252.0015     0.15228E+08     0.26715E+07
      7277.0088     0.15033E+08     0.26554E+07
      7302.0156     0.14827E+08     0.26370E+07
      7327.0225     0.14678E+08     0.26284E+07
      7352.0283     0.14516E+08     0.26173E+07
      7377.0352     0.14396E+08     0.26133E+07
      7402.0420     0.14291E+08     0.26118E+07
      7427.0493     0.14134E+08     0.26005E+07
      7452.0562     0.13978E+08     0.25893E+07
      7477.0630     0.13837E+08     0.25804E+07
      7502.0698     0.13698E+08     0.25715E+07
      7527.0757     0.13535E+08     0.25579E+07
      7552.0825     0.13423E+08     0.25537E+07
      7577.0894     0.13239E+08     0.25353E+07
      7602.0967     0.13142E+08     0.25334E+07
      7627.1035     0.12961E+08     0.25151E+07
      7652.1104     0.12866E+08     0.25130E+07
      7677.1172     0.12760E+08     0.25086E+07
      7702.1240     0.12562E+08     0.24857E+07
      7727.1299     0.12470E+08     0.24835E+07
      7752.1367     0.12378E+08     0.24813E+07
      7777.1440     0.12197E+08     0.24608E+07
      7802.1509     0.12096E+08     0.24562E+07
      7827.1577     0.12008E+08     0.24538E+07
      7852.1646     0.11919E+08     0.24514E+07
      7877.1714     0.11821E+08     0.24467E+07
      7902.1782     0.11723E+08     0.24419E+07
      7927.1851     0.11531E+08     0.24170E+07
      7952.1909     0.11435E+08     0.24122E+07
      7977.1982     0.11331E+08     0.24051E+07
      8002.2051     0.11237E+08     0.24002E+07
      8027.2119     0.11144E+08     0.23953E+07
      8052.2188     0.11052E+08     0.23904E+07
      8077.2256     0.10951E+08     0.23832E+07
      8102.2324     0.10851E+08     0.23760E+07
      8127.2393     0.10761E+08     0.23709E+07
      8152.2461     0.10662E+08     0.23637E+07
      8177.2520     0.10458E+08     0.23326E+07
      8202.2588     0.10362E+08     0.23254E+07
      8227.2656     0.10267E+08     0.23182E+07
      8252.2725     0.10173E+08     0.23109E+07
      8277.2783     0.10061E+08     0.22994E+07
      8302.2852     0.99599E+07     0.22900E+07
      8327.2930     0.98685E+07     0.22827E+07
      8352.2998     0.97601E+07     0.22711E+07
      8377.3066     0.96706E+07     0.22638E+07
      8402.3135     0.95643E+07     0.22523E+07
      8427.3203     0.93724E+07     0.22203E+07
      8452.3262     0.92780E+07     0.22110E+07
      8477.3330     0.91760E+07     0.21996E+07
      8502.3398     0.90751E+07     0.21883E+07
      8527.3467     0.88767E+07     0.21531E+07
      8552.3535     0.87792E+07     0.21419E+07
      8577.3604     0.85793E+07     0.21054E+07
      8602.3672     0.83763E+07     0.20676E+07
      8627.3740     0.87792E+07     0.21797E+07
      8652.3809     0.92694E+07     0.23147E+07
      8677.3877     0.96706E+07     0.24289E+07
      8702.3945     0.96617E+07     0.24407E+07
      8727.4004     0.83840E+07     0.21301E+07
      8752.4072     0.80882E+07     0.20667E+07
      8777.4141     0.91760E+07     0.23581E+07
      8802.4209     0.95643E+07     0.24719E+07
      8827.4277     0.85793E+07     0.22300E+07
      8852.4346     0.77885E+07     0.20359E+07
      8877.4414     0.87792E+07     0.23079E+07
      8902.4482     0.91760E+07     0.24258E+07
      8927.4561     0.91760E+07     0.24394E+07
      8952.4629     0.90751E+07     0.24261E+07
      8977.4697     0.81932E+07     0.22026E+07
      9002.4766     0.67089E+07     0.18137E+07
      9027.4834     0.67089E+07     0.18238E+07
      9052.4893     0.78968E+07     0.21586E+07
      9077.4961     0.83918E+07     0.23066E+07
      9102.5029     0.82919E+07     0.22917E+07
      9127.5098     0.80957E+07     0.22498E+07
      9152.5166     0.74038E+07     0.20688E+07
      9177.5234     0.67089E+07     0.18849E+07
      9202.5303     0.60180E+07     0.17000E+07
      9227.5371     0.59191E+07     0.16811E+07
      9252.5439     0.66108E+07     0.18878E+07
      9277.5508     0.76958E+07     0.22095E+07
      9302.5576     0.79920E+07     0.23069E+07
      9327.5645     0.78968E+07     0.22918E+07
      9352.5713     0.77957E+07     0.22745E+07
      9377.5781     0.76958E+07     0.22574E+07
      9402.5840     0.76958E+07     0.22695E+07
      9427.5908     0.74999E+07     0.22235E+07
      9452.5977     0.72086E+07     0.21485E+07
      9477.6045     0.66169E+07     0.19826E+07
      9502.6113     0.58217E+07     0.17535E+07
      9527.6182     0.52366E+07     0.15856E+07
      9552.6250     0.52318E+07     0.15925E+07
      9577.6318     0.62209E+07     0.19035E+07
      9602.6387     0.69096E+07     0.21253E+07
      9627.6455     0.72086E+07     0.22288E+07
      9652.6523     0.73022E+07     0.22695E+07
      9677.6592     0.72086E+07     0.22520E+07
      9702.6660     0.72086E+07     0.22637E+07
      9727.6738     0.70057E+07     0.22113E+07
      9752.6807     0.68148E+07     0.21621E+07
      9777.6875     0.67151E+07     0.21414E+07
      9802.6924     0.66230E+07     0.21229E+07
      9827.6992     0.65201E+07     0.21006E+07
      9852.7070     0.65261E+07     0.21132E+07
      9877.7139     0.65201E+07     0.21220E+07
      9902.7207     0.64306E+07     0.21035E+07
      9927.7275     0.63307E+07     0.20813E+07
      9952.7344     0.60347E+07     0.19940E+07
      9977.7412     0.57366E+07     0.19050E+07
     10002.7480     0.53438E+07     0.17835E+07
     10027.7549     0.47496E+07     0.15931E+07
     10052.7617     0.42565E+07     0.14348E+07
     10077.7686     0.51505E+07     0.17449E+07
     10102.7754     0.54432E+07     0.18532E+07
     10127.7822     0.57419E+07     0.19645E+07
     10152.7891     0.58486E+07     0.20110E+07
     10177.7959     0.59464E+07     0.20547E+07
     10202.8027     0.60458E+07     0.20993E+07
     10227.8096     0.59464E+07     0.20749E+07
     10252.8154     0.59464E+07     0.20851E+07
     10277.8223     0.58594E+07     0.20646E+07
     10302.8291     0.58648E+07     0.20766E+07
     10327.8359     0.57631E+07     0.20505E+07
     10352.8428     0.57684E+07     0.20623E+07
     10377.8496     0.56788E+07     0.20401E+07
     10402.8564     0.56840E+07     0.20518E+07
     10427.8633     0.55854E+07     0.20259E+07
     10452.8701     0.55905E+07     0.20375E+07
     10477.8770     0.54986E+07     0.20136E+07
     10502.8838     0.54986E+07     0.20232E+07
